317
620
8
14
539
554
674
900
269
153
407
607
555
151
334
372
902
668
908
361
357
804
174
514
568
41
211
558
540
66
274
819
157
907
34
887
210
917
794
217
855
732
263
363
451
655
308
677
179
403
120
114
171
814
588
563
806
213
16
187
113
839
496
569
220
609
572
548
848
76
546
445
537
170
46
872
478
215
711
703
260
817
731
234
323
190
559
282
481
26
233
645
250
591
925
743
698
480
738
251
321
3
851
55
663
882
821
271
612
56
870
598
373
192
332
648
500
408
862
818
707
800
119
543
205
262
691
692
51
439
178
551
189
676
843
680
145
225
681
524
895
344
452
44
345
488
888
518
776
368
283
393
307
362
729
813
221
290
203
238
440
904
147
108
661
797
322
706
79
644
866
763
102
636
634
760
815
82
311
556
884
163
144
912
649
823
53
512
84
631
798
728
231
892
929
599
131
354
891
177
74
104
693
128
519
78
117
49
628
115
708
471
369
722
750
456
801
865
462
828
684
665
845
13
653
632
340
388
769
610
483
924
419
890
792
921
241
461
757
27
503
413
544
773
498
767
289
830
256
671
618
370
915
485
61
459
779
392
431
384
807
208
840
780
268
365
658
719
195
5
280
575
919
277
694
69
841
863
338
788
630
627
675
100
434
390
670
570
463
774
564
574
642
730
595
200
534
920
33
809
789
831
150
910
479
842
603
619
328
228
286
816
181
52
600
50
399
436
858
766
379
59
784
770
136
786
749
522
837
302
433
6
716
810
358
98
435
748
173
315
507
850
615
820
275
126
530
196
130
669
411
458
520
739
305
624
736
686
326
156
571
689
638
467
489
535
864
605
635
105
429
444
793
486
367
389
81
667
714
759
265
219
622
836
172
878
640
880
504
405
9
587
604
382
438
125
565
398
118
717
60
662
426
782
428
164
733
857
201
492
285
765
701
856
901
331
592
723
259
15
883
781
812
385
318
68
515
330
336
756
62
319
394
193
294
460
235
312
594
505
576
918
879
371
339
833
296
625
545
787
176
191
320
470
229
292
412
155
103
468
32
654
447
47
427
909
227
309
236
232
493
700
272
889
579
561
304
281
687
685
351
623
186
303
455
149
124
552
601
165
566
297
529
586
754
380
926
550
608
513
541
25
341
375
96
639
697
401
659
378
617
805
491
348
553
611
87
386
374
121
202
146
885
613
137
247
775
764
166
223
875
710
291
533
713
832
741
90
696
602
881
712
742
482
578
751
212
897
432
244
148
933
761
516
132
346
476
860
135
690
922
873
207
73
288
526
886
877
932
143
63
928
237
657
45
239
29
762
276
422
161
111
395
129
423
1
85
160
791
679
197
753
310
140
682
593
562
298
538
267
771
465
270
509
799
758
300
313
138
257
110
4
158
86
934
418
314
254
409
597
590
152
808
325
337
484
122
715
581
381
36
224
494
353
209
430
404
442
89
218
417
446
673
255
416
58
54
616
406
258
834
400
301
40
847
838
525
437
101
333
316
356
216
859
366
279
614
678
621
387
97
30
264
80
246
573
65
424
721
450
867
652
734
811
11
923
71
646
248
795
650
116
198
802
874
705
293
457
391
473
521
499
383
528
508
783
180
22
64
12
425
580
43
549
327
83
242
410
397
75
39
352
755
466
245
355
31
896
778
142
7
199
38
222
109
490
299
183
825
861
829
709
287
364
935
606
0
343
914
92
377
869
871
415
876
744
67
577
454
182
329
853
626
266
699
185
660
822
790
747
527
656
725
846
582
927
349
517
360
502
453
906
475
253
112
510
497
347
501
557
10
376
21
420
643
702
727
168
735
159
359
133
273
583
23
913
261
547
567
930
506
284
2
596
342
350
95
206
448
647
249
167
803
899
449
718
868
835
931
134
893
666
402
107
154
796
20
469
184
42
905
35
99
536
629
785
37
633
24
93
139
911
464
335
240
70
94
88
772
542
72
898
745
704
169
295
641
188
726
824
777
746
585
532
441
474
18
584
421
306
127
589
230
849
91
737
560
204
396
523
77
827
740
852
688
664
123
28
672
724
511
162
495
695
226
278
194
826
903
243
752
683
324
472
106
477
651
48
57
894
531
17
768
916
19
175
214
141
443
844
854
414
720
487
637
252
