735
816
519
630
24
354
274
542
761
336
347
306
29
195
10
464
753
414
122
256
236
668
437
534
297
601
56
448
276
663
136
500
489
254
319
141
780
862
374
676
675
771
561
621
59
912
321
857
574
176
536
133
93
173
34
140
215
905
396
190
491
103
924
71
539
785
139
619
373
221
335
351
397
90
251
287
935
874
1
490
12
604
647
798
815
726
279
180
844
391
620
150
379
776
615
518
773
632
800
28
114
117
395
707
147
787
749
25
643
39
645
430
522
547
296
445
711
641
156
909
845
5
520
639
164
665
283
342
205
700
422
226
419
288
231
529
214
876
159
849
484
74
597
662
262
782
854
273
475
289
697
573
701
66
48
759
560
88
15
821
554
797
57
409
627
453
327
356
191
585
719
838
349
174
340
334
222
353
772
578
328
433
177
217
310
135
824
629
624
795
588
747
813
229
212
227
317
44
220
880
734
3
932
171
425
155
479
796
933
623
760
618
474
285
47
463
510
850
431
244
861
366
369
399
189
4
378
394
145
113
331
509
633
856
