129
298
910
121
531
98
67
356
833
907
102
805
15
362
758
190
116
412
61
393
893
888
508
457
321
373
205
789
285
837
294
869
191
498
474
453
24
122
799
94
580
280
187
916
402
247
232
708
856
104
241
150
696
493
297
455
63
723
935
611
764
31
921
823
189
774
791
750
79
523
349
208
394
512
586
879
397
859
219
544
126
609
484
831
731
495
7
199
291
134
292
932
622
612
29
268
524
383
867
857
400
674
350
366
410
676
467
142
677
25
620
662
549
468
162
608
532
543
757
862
644
8
446
585
748
861
808
421
780
174
405
237
714
666
306
153
812
924
881
762
521
882
782
114
133
792
192
183
465
575
447
906
160
727
690
925
401
647
819
661
184
167
120
578
729
552
786
798
215
929
276
555
683
272
639
540
0
33
643
95
226
770
77
254
203
248
480
96
738
806
749
785
441
53
878
93
209
293
469
745
357
546
704
264
811
109
434
111
132
884
660
667
26
458
485
143
909
864
213
597
207
335
497
108
614
80
514
193
409
631
377
601
627
672
18
336
170
804
527
277
176
358
365
673
711
844
918
663
826
535
396
735
633
891
164
787
240
117
221
74
843
161
230
584
84
182
545
595
489
866
931
423
194
829
499
444
425
852
712
840
625
705
470
726
794
234
236
605
2
684
680
692
448
539
500
892
252
271
73
588
112
795
48
908
399
911
466
287
732
473
97
289
41
139
10
334
197
560
914
57
896
501
858
746
477
902
600
934
265
688
885
225
565
654
505
380
845
572
598
315
243
553
529
515
282
490
12
99
266
610
244
127
155
494
550
138
70
145
283
204
562
374
822
88
305
316
783
777
883
324
928
564
85
195
345
14
571
381
464
541
747
841
510
206
640
100
742
392
933
89
255
899
693
75
682
496
432
431
42
262
56
318
567
408
384
773
767
649
874
64
385
842
6
30
218
583
424
817
419
511
339
836
295
713
296
438
717
420
312
530
875
340
417
125
563
179
476
76
178
533
251
825
594
429
259
854
267
886
387
737
675
678
670
344
118
478
90
311
60
566
761
148
347
828
110
450
451
821
