2642
3310
294
3158
2357
616
821
2336
2883
2643
1146
404
2159
2920
1214
1891
1648
3090
1859
501
659
1701
3273
2771
3205
3246
506
3030
997
321
2898
1896
849
2291
1845
2538
3357
1726
420
3369
1554
173
2553
1019
1540
438
175
1170
3382
1842
1624
1405
1978
1327
161
3177
580
1574
628
3156
2640
2160
3182
2798
2906
3049
2147
1656
3343
1084
2912
610
1154
1280
2533
2576
1618
459
2636
2408
3480
2547
1846
3363
2367
344
1931
3221
3408
604
546
1
3172
826
2622
3236
2602
2474
1669
2539
54
1474
2838
2413
3058
1864
389
1635
12
3387
3428
10
1582
759
652
2437
239
100
450
3040
2051
2004
3123
1982
1310
208
608
1671
1600
2180
752
2586
2314
2249
21
1520
2721
3262
107
84
1609
1142
2182
2740
1078
890
2362
1411
977
2465
2376
73
1874
1278
2934
2683
3481
305
2489
1191
2515
471
573
2631
3376
240
2114
393
3012
2016
868
3264
252
3086
3495
3291
2620
2759
2703
3187
1097
1171
228
2165
2042
2794
1517
1432
2377
35
1936
498
2390
2558
3115
201
2954
3175
2278
3466
1395
178
1067
1840
2125
3239
987
2729
1303
37
3293
1627
3083
1522
3035
1014
864
1814
3183
497
3486
2765
577
20
2812
2018
2897
3259
3400
3398
951
2826
3154
2239
2166
3084
3069
1486
384
2459
92
1602
3224
1122
57
1209
1013
3444
3457
1921
1241
3031
1662
194
282
836
1143
3295
2972
1903
3379
2424
1515
3327
2443
3450
3033
1619
1460
2861
250
1201
777
3184
2960
1752
127
517
2579
1521
936
3217
891
1626
3038
1361
3292
2820
3451
772
3349
2946
1253
2060
1055
1733
689
2776
453
576
1832
3160
1997
806
2786
1983
1538
2455
1581
1331
1961
2713
3104
3419
3252
1831
3245
1615
2901
3256
1195
1227
119
558
655
2406
572
3501
1566
563
1391
3151
1193
2819
2205
3196
881
882
2498
2038
2468
90
1455
266
1912
1251
1302
2007
2720
223
