2642
3310
294
3158
2357
616
821
2336
2883
2643
1146
404
2159
2920
1214
1891
1648
3090
1859
501
659
1701
3273
2771
3205
3246
506
3030
997
321
2898
1896
849
2291
1845
2538
3357
1726
420
3369
1554
173
2553
1019
1540
438
175
1170
3382
1842
1624
1405
1978
1327
161
3177
580
1574
628
3156
2640
2160
3182
2798
2906
3049
2147
1656
3343
1084
2912
610
1154
1280
2533
2576
1618
459
2636
2408
3480
2547
1846
3363
2367
344
1931
3221
3408
604
546
1
3172
826
2622
3236
2602
2474
1669
2539
54
1474
2838
2413
3058
1864
389
1635
12
3387
3428
10
1582
759
652
2437
239
100
450
3040
2051
2004
3123
1982
1310
208
608
1671
1600
2180
752
2586
2314
2249
21
1520
2721
3262
107
84
1609
1142
2182
2740
1078
890
2362
1411
977
2465
2376
73
1874
1278
2934
2683
3481
305
2489
1191
2515
471
573
2631
3376
240
2114
393
3012
2016
868
3264
252
3086
3495
3291
2620
2759
2703
3187
1097
1171
228
2165
2042
2794
1517
1432
2377
35
1936
498
2390
2558
3115
201
2954
3175
2278
3466
1395
178
1067
1840
2125
3239
987
2729
1303
37
3293
1627
3083
1522
3035
1014
864
1814
3183
497
3486
2765
577
20
2812
2018
2897
3259
3400
3398
951
2826
3154
2239
2166
3084
3069
1486
384
2459
92
1602
3224
1122
57
1209
1013
3444
3457
1921
1241
3031
1662
194
282
836
1143
3295
2972
1903
3379
2424
1515
3327
2443
3450
3033
1619
1460
2861
250
1201
777
3184
2960
1752
127
517
2579
1521
936
3217
891
1626
3038
1361
3292
2820
3451
772
3349
2946
1253
2060
1055
1733
689
2776
453
576
1832
3160
1997
806
2786
1983
1538
2455
1581
1331
1961
2713
3104
3419
3252
1831
3245
1615
2901
3256
1195
1227
119
558
655
2406
572
3501
1566
563
1391
3151
1193
2819
2205
3196
881
882
2498
2038
2468
90
1455
266
1912
1251
1302
2007
2720
223
538
3434
567
3068
2597
1771
999
727
773
1304
2428
2953
2582
774
455
2395
642
595
2082
1992
1673
1742
3346
2544
2102
1041
2285
1033
1051
747
2365
2290
1914
2232
210
1139
618
1812
2504
949
334
98
762
2389
644
1583
124
372
1760
2220
1194
345
1595
2472
3220
671
1943
2072
451
3306
2803
2519
307
1786
735
1190
2185
2606
313
2945
1394
2116
2101
3140
550
2153
137
2155
606
1759
2202
942
1413
99
3503
491
3026
3460
2656
3461
1336
3267
1725
530
3502
986
753
2709
1834
16
2092
1121
2773
1424
2541
1446
2962
1560
1658
2444
3347
3191
1479
2222
1290
1712
723
2933
3435
2871
395
458
3076
1509
895
795
1969
2067
2332
3087
1716
274
203
1449
338
1465
1808
678
1337
1187
1050
2313
2510
400
3000
2571
1927
1965
3453
2994
1892
2115
3475
874
3209
1603
232
2385
2601
276
1269
2545
1239
340
2590
1630
3442
590
1120
746
2735
921
555
914
1181
2193
3186
3122
509
867
2790
541
51
516
361
255
2520
1714
2271
2403
1946
1468
414
2216
156
1680
771
803
594
2886
86
2054
2118
669
1661
77
3350
1229
2877
3483
1878
1959
837
588
1338
2661
1787
2529
2179
847
1476
1037
858
1601
2047
437
3092
2918
2213
2416
733
2814
1767
3057
2554
2466
1683
613
2988
248
2860
526
2346
364
2348
1265
3463
2967
1776
2273
2330
1980
2473
3225
2536
269
1974
116
2513
815
40
715
17
2254
3037
2577
912
2593
3412
1101
1094
842
95
2035
2902
1145
1000
1220
2410
1421
5
1147
462
2243
2957
2662
2546
888
1748
2430
213
289
237
309
1285
2432
2022
1939
126
3456
1805
770
634
758
1129
32
1898
2580
3432
1397
3192
1366
1297
681
1116
2196
2110
3211
3152
2781
1496
884
2996
880
170
3286
2146
3385
1637
2525
687
3147
1379
1551
518
264
2011
2379
3302
1651
1025
789
2644
492
3396
2436
780
3415
316
139
676
1905
1830
2965
3145
1307
2615
215
2570
1617
1528
2292
2438
2627
1932
2003
1086
22
1879
3373
3208
2896
2201
1516
3375
3226
295
186
3218
1224
71
2224
2955
1681
3242
1962
2917
2126
2445
1690
1245
2569
1794
1212
1079
813
216
64
1182
3130
195
1437
391
2270
819
1882
484
1493
1275
1373
1478
464
1291
25
740
920
336
2117
822
1591
734
2875
672
3307
3161
3488
2069
1547
2077
375
3506
970
2742
3013
1077
1872
2505
183
702
3120
1604
1825
3171
3272
823
327
2905
1697
2023
3437
2980
796
1645
713
457
1933
2923
3064
1075
3378
2177
2015
1780
1069
3097
1262
3248
1306
3429
2611
436
297
2924
1184
2680
257
3197
1779
2083
363
1899
181
1531
1644
2966
1816
570
2800
622
2174
844
2300
3452
2687
1387
111
1099
699
1994
106
1254
1083
3473
1672
2562
1456
1703
703
2418
1605
3052
2417
1875
311
1668
3479
2824
1409
2956
1552
2264
1163
885
2219
3088
1325
396
1232
2287
2916
2741
2830
2230
1416
1784
1334
1854
559
2461
2451
1196
1947
1020
3017
3320
2619
1958
1113
481
1868
3062
2343
2227
1428
23
1343
2347
2030
3024
556
2958
401
1031
500
499
1889
1568
1529
905
1070
1060
360
2066
2140
1491
1871
152
626
3482
1482
3071
2331
3163
818
3117
3027
29
2020
1104
2076
2388
2085
2062
2992
1853
3467
2603
2211
3250
1948
2599
158
483
2139
1282
2144
2370
3330
3005
1826
1564
353
2122
1811
418
47
3098
3044
790
3109
1638
36
1918
2801
2849
1152
454
3113
196
2299
231
1678
3036
1990
493
2952
67
1541
50
2088
296
2891
1396
3173
1580
3179
3406
996
3188
2296
2037
2802
1849
2919
3118
2928
1093
1293
629
3110
1016
1009
83
1439
3016
1809
2134
2977
1487
48
3367
1870
2467
1488
2679
1244
419
1639
1299
535
1443
2548
957
3150
1034
3485
2257
1877
2128
2806
923
1089
1168
553
3487
105
3340
3047
725
1710
1858
2739
1729
1137
2663
385
3372
3316
2272
2991
1810
2344
2295
2497
1801
3194
3207
592
967
1045
754
1444
1335
2399
2970
982
2005
432
3067
3116
1480
2669
2628
1292
2169
2286
1123
3244
3045
887
2509
2061
312
3003
2892
3336
848
2121
2181
2978
1929
72
2881
13
3078
889
750
1264
1011
3477
2807
2238
1347
662
2591
1107
474
370
2476
1861
3300
153
2843
532
562
568
74
2044
3114
2276
2654
1705
2768
408
1103
2158
722
554
2104
155
536
402
961
1399
351
3447
2863
1785
738
3338
69
443
2124
2887
1238
1001
3070
2788
2316
586
2275
1888
786
947
3446
3228
1665
3329
184
397
3233
2457
603
3032
2859
673
614
302
2997
3128
1183
1819
2808
2036
2880
1419
2138
1156
757
1539
2488
2650
1789
2623
2435
2530
1320
3441
381
2218
2045
1934
475
3431
1423
1447
1549
2537
1294
3178
1127
1199
193
1928
1724
1389
3409
2660
2589
2716
2234
145
3009
3326
1593
1481
275
2731
1698
650
273
1061
1091
1930
386
2784
1131
2708
3425
1817
1679
1652
3162
287
1666
3384
2321
128
166
1945
1466
1708
260
1573
1625
911
2761
1451
2382
2584
288
928
1501
1567
2568
356
2832
1236
1904
2506
2927
3141
2407
3105
2240
2592
1911
1963
3101
1674
3427
2260
2563
1467
2283
980
3401
893
529
2281
2685
3410
2764
1915
2306
945
2255
2851
1960
2137
1038
2373
2903
1063
3050
2613
1225
136
3353
314
1175
2041
46
2242
2745
857
643
2351
1359
3454
2075
599
1415
480
378
3080
2780
2469
487
811
1165
910
3368
505
3238
856
1068
3159
2356
3411
2925
1054
2999
1689
284
721
1557
1044
3124
3422
2068
927
300
234
1640
1180
1788
2691
1459
1953
168
1376
3034
1688
476
686
1614
1975
103
1270
2583
151
200
2495
2135
1354
3355
3251
597
1919
149
365
1057
1015
3253
1272
2393
2164
3484
1062
784
333
1185
1773
1356
446
979
1941
315
169
1824
27
1608
392
801
1721
125
1890
2481
1489
271
1723
840
1646
1007
2471
1553
3399
89
1996
1255
3277
2697
742
34
1935
519
423
3085
1718
2142
2200
157
2057
3065
1324
3370
1008
1739
448
900
1368
376
3354
2282
2793
958
1612
1473
972
1035
1883
2093
1098
1758
2212
2878
657
515
1441
2791
3106
3055
1258
635
1249
2277
2605
2782
3314
3237
876
1141
769
3309
798
1490
2074
2750
565
413
1606
130
2400
2696
714
2607
2936
1857
1993
465
755
324
188
2625
863
2810
245
38
329
2747
3404
2397
1979
479
601
1860
792
3288
591
6
1404
3402
2753
2595
1074
571
883
566
1827
2711
952
179
948
630
238
800
878
2133
1923
705
2900
2646
1353
3299
75
42
1657
28
1562
447
85
3216
1543
834
1950
781
209
1088
901
2825
1328
2398
1248
3359
3247
2371
143
877
373
944
1836
931
1843
2938
2006
1880
268
1998
242
2259
598
429
2308
469
1383
2893
1954
185
1769
2214
3298
205
1494
853
3414
1378
2237
2009
2111
2191
1435
1039
3255
2899
2405
1837
3181
1339
1109
15
433
1813
278
2724
224
2873
1235
1713
3075
2318
1036
1369
2454
2635
2327
2341
524
1198
2574
1429
1052
2320
2105
1799
31
810
2329
2543
2026
718
2304
1128
3119
2524
60
1412
328
68
1676
1333
2667
2797
3348
1073
292
2578
2909
1851
2889
3230
3440
1470
3164
924
347
39
776
2425
620
3389
1598
2039
1512
270
2302
691
651
3168
2305
767
983
2487
1110
2106
1090
1023
666
2381
744
3121
117
1311
615
114
91
1188
426
1213
44
1326
2532
2333
3136
470
2854
135
2173
743
2154
339
1125
2715
2208
636
2312
2733
564
1431
3011
2847
1017
1458
1298
2055
1096
838
1803
737
1862
2449
820
1503
2014
1159
619
330
310
1058
971
1442
3073
1738
2677
1355
2618
1484
2837
2421
399
1611
1737
3018
963
2326
829
199
62
1118
548
1030
3281
2368
510
281
1987
1042
2647
318
383
3269
2766
1210
2195
697
3093
1548
1174
1991
537
2229
2624
3335
2834
3311
280
322
485
1664
1436
2439
94
2478
2596
2253
2670
2658
190
3185
2448
3099
3274
3015
1252
3490
1102
2414
285
711
3391
424
379
1765
804
2575
1273
575
2698
2964
2204
1382
1828
695
1884
1108
1289
3342
593
3039
918
101
2523
2375
3148
1134
685
1204
1211
301
2567
2194
607
3360
1329
3458
132
1363
2717
2526
2099
171
182
371
1740
2879
959
3289
41
2109
3318
1881
1869
1384
1364
1590
1340
1221
2844
998
349
122
1398
1745
2760
724
1047
2127
2986
1111
431
2366
2535
2172
3278
2738
1267
1909
2280
1365
1613
2943
633
1561
2769
832
308
1940
802
1702
763
262
933
159
1177
78
1408
2339
2915
2507
2549
217
3025
2311
2855
897
2033
430
427
3433
142
219
2188
222
1295
1534
2250
2097
425
2940
2512
1592
2241
3257
463
1989
1286
398
1885
319
1002
2492
2748
2071
2783
3102
1243
638
2170
1076
2581
2350
3423
2926
2617
1237
3004
582
198
736
1756
298
189
1988
964
3125
3305
3091
688
2228
1046
2256
3344
2396
3464
3254
578
172
583
261
1524
600
3392
3448
896
1246
1650
1616
1556
807
1012
3285
2816
2095
3023
388
2203
3489
540
707
861
2653
417
696
467
1461
2516
3395
1655
2527
1822
24
230
793
2857
96
1234
2805
2199
2261
2789
7
2560
411
1151
1119
343
82
2514
258
956
1629
435
2136
1966
2090
3374
2722
3390
2409
929
1507
2301
2772
2103
331
2108
1804
3393
1589
2907
2989
1901
496
3352
2874
1173
2383
3066
1951
1454
2189
3048
2688
1949
993
1164
1445
2345
1621
1179
1706
2087
165
2175
1222
865
2550
579
1519
1287
1956
845
954
1161
1242
3283
1847
3176
1048
2052
1607
3341
1856
3232
1642
2479
513
1569
916
1178
1806
3060
236
2152
2690
3380
693
129
1434
745
2148
2737
950
665
962
2692
3426
2911
1770
2730
1691
2391
2985
2501
1835
192
1346
2752
2040
1215
2983
3007
1537
2762
1375
922
1839
2490
2029
3240
2079
2804
1162
2197
2258
1763
1463
1372
3134
251
3469
3170
1256
1385
341
1132
3476
990
3103
2050
1675
1114
1301
61
926
1660
1092
1277
2531
1876
45
2689
2017
939
121
2433
1753
2872
1268
965
1505
2665
2440
667
2645
731
1095
1754
547
2813
113
2269
502
3323
1544
2935
2559
2848
1064
1203
1942
180
1654
994
2248
797
660
2419
1633
468
2842
985
906
1317
2974
2355
1402
1526
3229
1707
1418
1938
1518
244
1266
9
527
1917
1219
202
2890
3222
732
631
2415
3231
830
1536
904
2352
2565
3223
1559
2701
1510
1313
3166
2493
719
3021
640
3008
2384
710
3042
3074
2338
1715
3445
1160
1032
2319
140
2822
3198
1772
1649
1124
2162
3337
3061
1981
3296
658
543
3100
749
1663
2823
3417
2839
1475
1908
3358
1066
2008
611
1390
1973
1829
729
3443
2744
2657
1263
2442
3383
456
679
2452
3413
1082
1233
1226
1761
1406
1952
337
717
2334
1497
3263
3491
1499
1967
1863
2130
2422
850
1746
3403
488
587
1513
915
694
2374
1018
2184
953
1578
674
243
2852
58
3328
2463
739
2401
1259
955
1970
1149
835
2937
2084
97
2107
2462
2206
2757
2976
79
2676
3465
2975
2168
2639
969
2633
2508
279
3234
1506
720
256
748
827
1386
1790
207
33
2982
2700
3149
1774
2456
2850
545
1300
2064
2573
144
2423
852
1148
2163
1081
2998
828
174
3301
1471
1472
2262
3041
934
2499
2719
299
2288
2664
2882
1274
2289
3014
1140
2131
2233
2420
1348
377
3213
304
3381
3077
2587
1610
1206
2888
1021
2284
1722
342
65
2836
2862
3268
2215
2065
569
134
2779
765
472
2358
1362
2921
2699
267
3275
1783
1596
204
1452
2247
1653
814
350
1579
1217
2968
412
163
1964
241
2441
3270
1711
2585
1309
355
2198
1433
2614
1247
2942
2361
930
2710
2251
2031
2486
2885
1986
225
1855
809
2809
3271
3258
1485
787
3214
2979
263
3165
2995
1920
2132
3167
1511
2446
596
3019
2464
2
1153
1477
560
233
1684
2021
525
2671
108
1699
1296
2412
1719
2932
988
1330
3313
2608
2556
1216
1647
624
3424
843
53
3471
2034
2046
1358
2231
2612
1546
2763
2705
473
909
2002
2718
1106
1133
2364
332
561
112
3053
3470
369
1200
2675
2309
3202
2265
1380
612
2634
2638
1508
30
1022
892
682
3126
1004
265
3397
1886
1782
1900
2787
2477
368
416
2876
1925
2678
109
2756
2266
1228
1308
690
1632
2870
19
1732
2511
1572
1850
445
675
2167
120
1010
2190
1024
2913
2736
2235
2298
2322
2387
227
1693
2704
2019
1464
2303
221
2610
1260
981
2503
2112
2981
1709
1525
2113
3388
2494
2659
2815
700
1995
1800
1040
585
2192
3500
768
1865
1730
1848
3129
486
1315
3362
3317
2835
1323
2755
2149
2496
1926
63
55
2458
1498
2207
2864
854
326
1357
1420
2632
1571
3010
14
1749
2929
80
1944
1897
708
539
1500
1028
1344
3312
833
1374
903
1734
1685
1305
1821
788
2626
1284
160
899
3212
1597
2363
2829
2566
374
3153
1976
1138
176
2895
2947
1523
825
698
3420
2799
382
405
766
2990
741
2993
1202
2217
2973
0
138
3081
214
2600
277
1768
2267
1532
1087
1838
380
2293
220
2673
2048
3054
1080
150
2984
1240
1271
2758
1542
1955
3137
1189
3051
3366
3407
646
2129
1144
2522
1392
3095
1105
975
2751
917
8
3107
2297
1594
908
2706
521
2666
3112
907
495
3169
503
3002
141
2324
3449
639
609
3265
1167
452
623
1570
434
1085
2944
839
3210
2931
761
1762
477
2150
627
2096
2502
2637
317
692
2053
102
1867
1176
348
2025
1558
1622
1367
104
2686
2714
3303
2604
1072
3157
187
93
320
2930
1781
940
3127
1741
1798
1727
2712
2263
649
522
2707
1807
1744
1793
2674
2453
2774
661
1563
482
3498
1720
941
2831
1913
3356
1873
973
1887
211
2695
1916
1440
1430
2681
898
656
1575
3059
1696
3029
683
2000
2867
2668
390
3006
3195
1003
873
859
3472
2475
1902
2078
56
1312
966
2070
212
1261
3332
3189
1027
461
2268
1150
2777
2941
991
1866
218
1795
511
701
1438
2865
2186
2317
3227
632
1314
2648
2244
1750
1844
1318
2119
2950
3459
1957
1815
283
2841
246
2323
1112
110
359
3139
1797
2354
3478
841
3364
3351
938
1218
2655
291
3276
403
148
2732
1764
3146
1462
1576
2594
2100
1731
2959
976
2904
1135
3377
2447
2833
259
2778
2221
782
1345
1136
2869
466
2651
3468
764
1910
2056
3200
1841
164
1283
2470
76
290
2672
3020
1643
870
641
637
18
286
902
602
2058
1636
3046
197
2856
3131
2694
2480
932
489
191
3418
2517
2141
2551
1514
728
2792
1777
3496
1818
1700
1937
3462
1667
1820
2540
3279
913
3333
851
88
2386
254
1659
2369
2043
2427
87
306
2001
410
3474
335
2561
1410
2156
2770
1400
937
1026
1565
894
2564
1126
2621
3322
2145
3280
625
2749
226
1922
2702
3108
1448
1059
229
584
816
2307
1414
115
1587
512
3043
2649
1117
1341
978
1342
3436
3143
43
3204
1555
449
3284
1686
3193
2951
544
2223
3282
2734
1492
1381
2245
1687
2209
2868
2775
756
3321
2372
919
534
1425
2555
1894
3494
1166
2086
2028
2598
1906
1279
1735
123
81
875
3155
1469
872
2063
2252
1495
441
1985
3132
59
2914
2315
1158
1130
504
3180
1504
1747
2948
989
2012
3094
66
2652
1577
1393
1192
831
1417
3386
1585
235
1535
2032
2143
1766
2693
992
3439
1791
3294
2963
2091
946
3492
3361
2161
1422
1533
303
1205
3365
1802
668
653
422
1823
2728
2518
2429
2922
1450
808
654
2557
2294
428
557
3421
1197
1792
3319
3315
2534
1281
1695
1895
2629
3249
3142
846
1694
549
1984
2360
1999
167
1043
2743
925
528
995
2225
817
2484
3504
3243
3493
670
3028
1100
2796
387
760
2500
935
1704
2845
272
439
1907
49
2123
1349
2746
206
1115
3203
3266
2482
2725
2811
805
1407
3056
605
824
984
3063
2010
11
2552
2910
2817
645
860
3331
542
3174
1351
531
2528
2380
2827
407
648
3371
3499
3001
1717
791
663
3438
1743
1677
862
778
1388
1457
1586
352
3138
1371
2485
684
3235
2908
2394
677
1623
1403
2828
866
133
3455
1223
2378
664
3072
1426
520
2431
974
533
2609
3334
886
589
2404
2630
3206
3339
2682
494
2059
1530
2858
1276
366
2226
2572
1977
716
794
2171
751
1634
357
1319
4
680
1833
2183
146
1332
2353
709
131
1006
2178
1692
346
706
2641
574
2726
358
478
2961
2027
323
3111
726
3345
52
2949
2120
2073
3394
3324
855
2483
2894
362
2279
253
783
367
1157
1527
1778
1321
879
406
2754
1682
1670
1208
2616
617
1186
552
26
1775
1757
2274
247
508
1049
2684
3261
325
785
2411
2853
1483
1599
1370
2884
1550
2151
118
1172
3135
3505
1169
3096
490
147
2821
1924
2767
1029
3325
3297
3497
2971
1628
1257
968
799
1620
2723
1971
514
730
1005
3199
523
2359
460
1728
2024
3308
3215
812
1352
3290
154
1427
2426
1071
3089
869
2089
2187
3287
3022
2588
2521
2840
3260
2969
2434
293
2337
2094
2987
1893
1056
3190
2325
440
1755
2081
1453
249
2795
1065
2392
2727
1316
2349
775
3082
2157
3133
1502
871
1230
3219
2098
409
177
1231
2236
712
551
2542
3304
2491
394
415
3430
1207
1377
2846
960
2342
3405
1968
2939
2210
2335
1631
1360
1796
621
3416
2049
1751
2310
1588
1972
1250
3144
1401
1641
507
1322
444
2340
1852
2402
354
1350
943
2246
70
2785
3241
704
3
2328
2013
2460
1736
2450
2818
581
2176
1155
442
647
1053
1545
162
3079
3201
2080
421
2866
779
1288
1584
