2642
3310
294
3158
2357
616
821
2336
2883
2643
1146
404
2159
2920
1214
1891
1648
3090
1859
501
659
1701
3273
2771
3205
3246
506
3030
997
321
2898
1896
849
2291
1845
2538
3357
1726
420
3369
1554
173
2553
1019
1540
438
175
1170
3382
1842
1624
1405
1978
1327
161
3177
580
1574
628
3156
2640
2160
3182
2798
2906
3049
2147
1656
3343
1084
2912
610
1154
1280
2533
2576
1618
459
2636
2408
3480
2547
1846
3363
2367
344
1931
3221
3408
604
546
1
3172
826
2622
3236
2602
2474
1669
2539
54
1474
2838
2413
3058
1864
389
1635
12
3387
3428
10
1582
759
652
2437
239
100
450
3040
2051
2004
3123
1982
1310
208
608
1671
1600
2180
752
2586
2314
2249
21
1520
2721
3262
107
84
1609
1142
2182
2740
1078
890
2362
1411
977
2465
2376
73
1874
1278
2934
2683
3481
305
2489
1191
2515
471
573
2631
3376
240
2114
393
3012
2016
868
3264
252
3086
3495
3291
2620
2759
2703
3187
1097
1171
228
2165
2042
2794
1517
1432
2377
35
1936
498
2390
2558
3115
201
2954
3175
2278
3466
1395
178
1067
1840
2125
3239
987
2729
1303
37
3293
1627
3083
1522
3035
1014
864
1814
3183
497
3486
2765
577
20
2812
2018
2897
3259
3400
3398
951
2826
3154
2239
2166
3084
3069
1486
384
2459
92
1602
3224
1122
57
1209
1013
3444
3457
1921
1241
3031
1662
194
282
836
1143
3295
2972
1903
3379
2424
1515
3327
2443
3450
3033
1619
1460
2861
250
1201
777
3184
2960
1752
127
517
2579
1521
936
3217
891
1626
3038
1361
3292
2820
3451
772
3349
2946
1253
2060
1055
1733
689
2776
453
576
1832
3160
1997
806
2786
1983
1538
2455
1581
1331
1961
2713
3104
3419
3252
1831
3245
1615
2901
3256
1195
1227
119
558
655
2406
572
3501
1566
563
1391
3151
1193
2819
2205
3196
881
882
2498
2038
2468
90
1455
266
1912
1251
1302
2007
2720
223
538
3434
567
3068
2597
1771
999
727
773
1304
2428
2953
2582
774
455
2395
642
595
2082
1992
1673
1742
3346
2544
2102
1041
2285
1033
1051
747
2365
2290
1914
2232
210
1139
618
1812
2504
949
334
98
762
2389
644
1583
124
372
1760
2220
1194
345
1595
2472
3220
671
1943
2072
451
3306
2803
2519
307
1786
735
1190
2185
2606
313
2945
1394
2116
2101
3140
550
2153
137
2155
606
1759
2202
942
1413
99
3503
491
3026
3460
2656
3461
1336
3267
1725
530
3502
986
753
2709
1834
16
2092
1121
2773
1424
2541
1446
2962
1560
1658
2444
3347
3191
1479
2222
1290
1712
723
2933
3435
2871
395
458
3076
1509
895
795
1969
2067
2332
3087
1716
274
203
1449
338
1465
1808
678
1337
1187
1050
2313
2510
400
3000
2571
1927
1965
3453
2994
1892
2115
3475
874
3209
1603
232
2385
2601
276
1269
2545
1239
340
2590
1630
3442
590
1120
746
2735
921
555
914
1181
2193
3186
3122
509
867
2790
541
51
516
361
255
2520
1714
2271
2403
1946
1468
414
2216
156
1680
771
803
594
2886
86
2054
2118
669
1661
77
3350
1229
2877
3483
1878
1959
837
588
1338
2661
1787
2529
2179
847
1476
1037
858
1601
2047
437
3092
2918
2213
2416
733
2814
1767
3057
2554
2466
1683
613
2988
248
2860
526
2346
364
2348
1265
3463
2967
1776
2273
2330
1980
2473
3225
2536
269
1974
116
2513
815
40
715
17
2254
3037
2577
912
2593
3412
1101
1094
842
95
2035
2902
1145
1000
1220
2410
1421
5
1147
462
2243
2957
2662
2546
888
1748
2430
213
289
237
309
1285
2432
2022
1939
126
3456
1805
770
634
758
1129
32
1898
2580
3432
1397
3192
1366
1297
681
1116
2196
2110
3211
3152
2781
1496
884
2996
880
170
3286
2146
3385
1637
2525
687
3147
1379
1551
518
264
2011
2379
3302
1651
1025
789
2644
492
3396
2436
780
3415
316
139
676
1905
1830
2965
3145
1307
2615
215
2570
1617
1528
2292
2438
2627
1932
2003
1086
22
1879
3373
3208
2896
2201
1516
3375
3226
295
186
3218
1224
71
2224
2955
1681
3242
1962
2917
2126
2445
1690
1245
2569
1794
1212
1079
813
216
64
1182
3130
195
1437
391
2270
819
1882
484
1493
1275
1373
1478
464
1291
25
740
920
336
2117
822
1591
734
2875
672
3307
3161
3488
2069
1547
2077
375
3506
970
2742
3013
1077
1872
2505
183
702
3120
1604
1825
3171
3272
823
327
2905
1697
2023
3437
2980
796
1645
713
457
1933
2923
3064
1075
3378
2177
2015
1780
1069
3097
1262
3248
1306
3429
2611
436
297
2924
1184
2680
257
3197
1779
2083
363
1899
181
1531
1644
2966
1816
570
2800
622
2174
844
2300
3452
2687
1387
111
1099
699
1994
106
1254
1083
3473
1672
2562
1456
1703
703
2418
1605
3052
2417
1875
311
1668
3479
2824
1409
2956
1552
2264
1163
885
2219
3088
1325
