2642
3310
294
3158
2357
616
821
2336
2883
2643
1146
404
2159
2920
1214
1891
1648
3090
1859
501
659
1701
3273
2771
3205
3246
506
3030
997
321
2898
1896
849
2291
1845
2538
3357
1726
420
3369
1554
173
2553
1019
1540
438
175
1170
3382
1842
1624
1405
1978
1327
161
3177
580
1574
628
3156
2640
2160
3182
2798
2906
3049
2147
1656
3343
1084
2912
610
1154
1280
2533
2576
1618
459
2636
2408
3480
2547
1846
3363
2367
344
1931
3221
3408
604
546
1
3172
826
2622
3236
2602
2474
1669
2539
54
1474
2838
2413
3058
1864
389
1635
12
3387
3428
10
1582
759
652
2437
239
100
450
3040
2051
2004
3123
1982
1310
208
608
1671
1600
2180
752
2586
2314
2249
21
1520
2721
3262
107
84
