2642
3310
294
3158
2357
616
821
2336
2883
2643
1146
404
2159
2920
1214
1891
1648
3090
1859
501
659
1701
3273
2771
3205
3246
506
3030
997
321
2898
1896
849
2291
1845
2538
3357
1726
420
3369
1554
173
2553
1019
1540
438
175
1170
3382
1842
1624
1405
1978
1327
161
3177
580
1574
628
3156
2640
2160
3182
2798
2906
3049
2147
1656
3343
1084
2912
610
1154
1280
2533
2576
1618
459
2636
2408
3480
2547
1846
3363
2367
344
1931
3221
3408
604
546
1
3172
826
2622
3236
2602
2474
1669
2539
54
1474
2838
2413
3058
1864
389
1635
12
3387
3428
10
1582
759
652
2437
239
100
450
3040
2051
2004
3123
1982
1310
208
608
1671
1600
2180
752
2586
2314
2249
21
1520
2721
3262
107
84
1609
1142
2182
2740
1078
890
2362
1411
977
2465
2376
73
1874
1278
2934
2683
3481
305
2489
1191
2515
471
573
2631
3376
240
2114
393
3012
2016
868
3264
252
3086
3495
3291
2620
2759
2703
3187
1097
1171
228
2165
2042
2794
1517
1432
2377
35
1936
498
2390
2558
3115
201
2954
3175
2278
3466
1395
178
1067
1840
2125
3239
987
2729
1303
37
3293
1627
3083
1522
3035
1014
864
1814
3183
497
3486
2765
577
20
2812
2018
2897
3259
3400
3398
951
2826
3154
2239
2166
3084
3069
1486
384
2459
92
1602
3224
1122
57
1209
1013
3444
3457
1921
1241
3031
1662
194
282
836
1143
3295
2972
1903
3379
2424
1515
3327
2443
3450
3033
1619
1460
2861
250
1201
777
3184
2960
1752
127
517
2579
1521
936
3217
891
1626
3038
1361
3292
2820
3451
772
3349
2946
1253
2060
1055
1733
689
2776
453
576
1832
3160
1997
806
2786
1983
1538
2455
1581
1331
1961
2713
3104
3419
3252
1831
3245
1615
2901
3256
1195
1227
119
558
655
2406
572
3501
1566
563
1391
3151
1193
2819
2205
3196
881
882
2498
2038
2468
90
1455
266
1912
1251
1302
2007
2720
223
538
3434
567
3068
2597
1771
999
727
773
1304
2428
2953
2582
774
455
2395
642
595
2082
1992
1673
1742
3346
2544
2102
1041
2285
1033
1051
747
2365
2290
1914
2232
210
1139
618
1812
2504
949
334
98
762
2389
644
1583
124
372
1760
2220
1194
345
1595
2472
3220
671
1943
2072
451
3306
2803
2519
307
1786
735
1190
2185
2606
313
2945
1394
2116
2101
3140
550
2153
137
2155
606
1759
2202
942
1413
99
3503
491
3026
3460
2656
3461
1336
3267
1725
530
3502
986
753
2709
1834
16
2092
1121
2773
1424
2541
1446
2962
1560
1658
2444
3347
3191
1479
2222
1290
1712
723
2933
3435
2871
395
458
3076
1509
895
795
1969
2067
2332
3087
1716
274
203
1449
338
1465
1808
678
1337
1187
1050
2313
2510
400
3000
2571
1927
1965
3453
2994
1892
2115
3475
874
3209
1603
232
2385
2601
276
1269
2545
1239
340
2590
1630
3442
590
1120
746
2735
921
555
914
1181
2193
3186
3122
509
867
2790
541
51
516
361
255
2520
1714
2271
2403
1946
1468
414
2216
156
1680
771
803
594
2886
86
2054
2118
669
1661
77
3350
1229
2877
3483
1878
1959
837
588
1338
2661
1787
2529
2179
847
1476
1037
858
1601
2047
437
3092
2918
2213
2416
733
2814
1767
3057
2554
2466
1683
613
2988
248
2860
526
2346
364
2348
1265
3463
2967
1776
2273
2330
1980
2473
3225
2536
269
1974
116
2513
815
40
715
17
2254
3037
2577
912
2593
3412
1101
1094
842
95
2035
2902
1145
1000
1220
2410
1421
5
1147
462
2243
2957
2662
2546
888
1748
2430
213
289
237
309
1285
2432
2022
1939
126
3456
1805
770
634
758
1129
32
1898
2580
3432
1397
3192
1366
1297
681
1116
2196
2110
3211
3152
2781
1496
884
2996
880
170
3286
2146
3385
1637
2525
687
3147
1379
1551
518
264
2011
2379
3302
1651
1025
789
2644
492
3396
2436
780
3415
316
139
676
1905
1830
2965
3145
1307
2615
215
2570
1617
1528
2292
2438
2627
1932
2003
1086
22
1879
3373
3208
2896
2201
1516
3375
3226
295
186
3218
1224
71
2224
2955
1681
3242
1962
2917
2126
2445
1690
1245
2569
1794
1212
1079
813
216
64
1182
3130
195
1437
391
2270
819
1882
484
1493
1275
1373
1478
464
1291
25
740
920
336
2117
822
1591
734
2875
672
3307
3161
3488
2069
1547
2077
375
3506
970
2742
3013
1077
1872
2505
183
702
3120
1604
1825
3171
3272
823
327
2905
1697
2023
3437
2980
796
1645
713
457
1933
2923
3064
1075
3378
2177
2015
1780
1069
3097
1262
3248
1306
3429
2611
436
297
2924
1184
2680
257
3197
1779
2083
363
1899
181
1531
1644
2966
1816
570
2800
622
2174
844
2300
3452
2687
1387
111
1099
699
1994
106
1254
1083
3473
1672
2562
1456
1703
703
2418
1605
3052
2417
1875
311
1668
3479
2824
1409
2956
1552
2264
1163
885
2219
3088
1325
396
1232
2287
2916
2741
2830
2230
1416
1784
1334
1854
559
2461
2451
1196
1947
1020
3017
3320
2619
1958
1113
481
1868
3062
2343
2227
1428
23
1343
2347
2030
3024
556
2958
401
1031
500
499
1889
1568
1529
905
1070
1060
360
2066
2140
1491
1871
152
626
3482
1482
3071
2331
3163
818
3117
3027
29
2020
1104
2076
2388
2085
2062
2992
1853
3467
2603
2211
3250
1948
2599
158
483
2139
1282
2144
2370
3330
3005
1826
1564
353
2122
1811
418
47
3098
3044
790
3109
1638
36
1918
2801
2849
1152
454
3113
196
2299
231
1678
3036
1990
493
2952
67
1541
50
2088
296
2891
1396
3173
1580
3179
3406
996
3188
2296
2037
2802
1849
2919
3118
2928
1093
1293
629
3110
1016
1009
83
1439
3016
1809
2134
2977
1487
48
3367
1870
2467
1488
2679
1244
419
1639
1299
535
1443
2548
957
3150
1034
3485
2257
1877
2128
2806
923
1089
1168
553
3487
105
3340
3047
725
1710
1858
2739
1729
1137
2663
385
3372
3316
2272
2991
1810
2344
2295
2497
1801
3194
3207
592
967
1045
754
1444
1335
2399
2970
982
2005
432
3067
3116
1480
2669
2628
1292
2169
2286
1123
3244
3045
887
2509
2061
312
3003
2892
3336
848
2121
2181
2978
1929
72
2881
13
3078
889
750
1264
1011
3477
2807
2238
1347
662
2591
1107
474
370
2476
1861
3300
153
2843
532
562
568
74
2044
3114
2276
2654
1705
2768
408
1103
2158
722
554
2104
155
536
402
961
1399
351
3447
2863
1785
738
3338
69
443
2124
2887
1238
1001
3070
2788
2316
586
2275
1888
786
947
3446
3228
1665
3329
184
397
3233
2457
603
3032
2859
673
614
302
2997
3128
1183
1819
2808
2036
2880
1419
2138
1156
757
1539
2488
2650
1789
2623
2435
2530
1320
3441
381
2218
2045
1934
475
3431
1423
1447
1549
2537
1294
3178
1127
1199
193
1928
1724
1389
3409
2660
2589
2716
2234
145
3009
3326
1593
1481
275
2731
1698
650
273
1061
1091
1930
386
2784
1131
2708
3425
1817
1679
1652
3162
287
1666
3384
2321
128
166
1945
1466
1708
260
1573
1625
911
2761
1451
2382
2584
288
928
1501
1567
2568
356
2832
1236
1904
2506
2927
3141
2407
3105
2240
2592
1911
1963
3101
1674
3427
2260
2563
1467
2283
980
3401
893
529
2281
2685
3410
2764
1915
2306
945
2255
2851
1960
2137
1038
2373
2903
1063
3050
2613
1225
136
3353
314
1175
2041
46
2242
2745
857
643
2351
1359
3454
2075
599
1415
480
378
3080
2780
2469
487
811
1165
910
3368
505
3238
856
1068
3159
2356
3411
2925
1054
2999
1689
284
721
1557
1044
3124
3422
2068
927
300
234
1640
1180
1788
2691
1459
1953
168
1376
3034
1688
476
686
1614
1975
103
1270
2583
151
200
2495
2135
1354
3355
3251
597
1919
149
365
1057
1015
3253
1272
2393
2164
3484
1062
784
333
1185
1773
1356
446
979
1941
315
169
1824
27
1608
392
801
1721
125
1890
2481
1489
271
1723
840
1646
1007
2471
1553
3399
89
1996
1255
3277
2697
742
34
1935
519
423
3085
1718
2142
2200
157
2057
3065
1324
3370
1008
1739
448
900
1368
376
3354
2282
2793
958
1612
1473
972
1035
1883
2093
1098
1758
2212
2878
657
515
1441
2791
3106
3055
1258
635
1249
2277
2605
2782
3314
3237
876
1141
769
3309
798
1490
2074
2750
565
413
1606
130
2400
2696
714
2607
2936
1857
1993
465
755
324
188
2625
863
2810
245
38
329
2747
3404
2397
1979
479
601
1860
792
3288
591
6
1404
3402
2753
2595
1074
571
883
566
1827
2711
952
179
948
630
238
800
878
2133
1923
705
2900
2646
1353
3299
75
42
1657
28
1562
447
85
3216
1543
834
1950
781
209
1088
901
2825
1328
2398
1248
3359
3247
2371
143
877
373
944
1836
931
1843
2938
2006
1880
268
1998
242
2259
598
429
2308
469
1383
2893
1954
185
1769
2214
3298
205
1494
853
3414
1378
2237
2009
2111
2191
1435
1039
3255
2899
2405
1837
3181
1339
1109
15
433
1813
278
2724
224
2873
1235
1713
3075
2318
1036
1369
2454
2635
2327
2341
524
1198
2574
1429
1052
2320
2105
1799
31
810
2329
2543
2026
718
2304
1128
3119
2524
60
1412
328
68
1676
1333
2667
2797
3348
1073
292
2578
2909
1851
2889
3230
3440
1470
3164
924
347
39
776
2425
620
3389
1598
2039
1512
270
2302
691
651
3168
2305
767
983
2487
1110
2106
1090
1023
666
2381
744
3121
117
1311
615
114
91
1188
426
1213
44
1326
2532
2333
3136
470
2854
135
2173
743
2154
339
1125
2715
2208
636
2312
2733
564
1431
3011
2847
1017
1458
1298
2055
1096
838
1803
737
1862
2449
820
1503
2014
1159
619
330
310
1058
971
1442
3073
1738
2677
1355
2618
1484
2837
2421
399
1611
1737
3018
963
2326
829
199
62
1118
548
1030
3281
2368
