884
10329
8693
1230
7339
11381
1655
5519
8931
4717
3450
7189
10925
3993
10857
5465
9859
6425
6600
2233
4303
781
5359
8865
6439
2000
1301
7501
11253
11410
10073
4646
3591
11218
3674
1654
11159
11415
4893
5048
10501
6889
3251
7442
8976
42
11594
8757
1565
7911
10058
8655
96
7559
2355
11046
2969
5984
5378
655
9947
149
8604
5145
8273
8100
8905
5775
4183
7330
9187
9490
6620
1962
3918
6026
4578
8764
1197
6048
7371
446
567
3719
11411
3978
10817
3046
10741
4683
4407
1700
1423
3031
6983
8683
5579
8996
9848
1997
9669
5272
1643
10778
3507
8089
7217
214
418
3546
687
8227
1207
9934
6564
3273
