383
3639
8063
11309
10950
3720
11368
2978
2899
4322
3775
1717
9096
10674
8311
8702
3114
5399
3601
781
7481
3977
6000
7708
8943
7715
7832
6208
3494
1868
10757
7553
6154
11075
4653
9006
4204
166
2875
4212
3682
4518
4657
3976
3713
506
5458
1779
1996
5935
9078
3910
10470
4797
11088
2459
5796
4182
3878
1037
11168
2253
7393
9921
10976
583
7674
11021
16
992
3353
10208
5123
811
9578
871
7711
629
6607
5429
8184
1620
7200
8066
4491
10673
3126
2509
7623
7285
2706
974
8181
6450
6653
9376
4982
3998
2368
8493
9353
4021
3774
1983
9710
7352
2833
9741
3837
9358
7879
10573
8907
9346
4545
3780
8657
9072
7189
2762
5539
3382
9829
38
3511
8345
2667
2733
960
2630
7611
11328
4566
5937
4578
1239
4903
7321
5441
81
10229
4207
584
10519
6138
553
3582
10083
969
5908
5334
3723
6549
10159
10014
4610
10371
4482
4264
2212
1566
11452
10478
3413
10931
5740
1586
4844
10210
9244
5905
8971
9373
6420
9154
5888
11472
1843
11588
11476
3326
1948
9453
3096
9513
8048
10432
7736
10207
2363
6342
6109
4060
11228
4779
1836
7594
6639
2976
5980
3139
4436
206
11154
3398
5341
1517
3911
2804
9393
7865
4654
7216
3996
660
8736
1023
5906
11065
6829
7430
3149
5128
8784
5725
8981
7801
9317
9379
1672
2573
6169
7910
4150
2469
4184
4580
9356
2821
2041
4013
4157
4342
8042
5925
9963
3964
7569
6413
9210
9841
4651
8430
3180
431
1694
355
11146
8439
8174
10887
9311
8930
4643
6979
6226
3681
1442
4314
1681
2826
4047
777
1040
6730
11125
8285
6336
1696
6835
4208
5814
4145
4308
439
610
4180
6642
8714
975
2431
680
4863
6097
6263
599
7714
3247
3290
7919
4496
5080
5631
10242
2882
1642
9085
11048
7048
6212
207
82
8712
3860
5922
8078
2798
180
4312
4262
662
11406
4532
2004
7944
1946
7807
10070
6029
3019
2488
8828
6620
413
3127
5302
5554
5223
11140
8752
3466
11310
1159
215
6377
5654
7605
7628
4309
4788
4525
821
11568
292
9177
3513
3791
3901
1474
10122
8601
727
7196
5326
7450
1530
3288
1783
7315
2625
188
1690
307
2645
6655
3855
7419
3522
2614
6037
4842
1233
4773
4332
10748
11263
1795
6690
1131
7885
10945
6628
902
8094
6830
8398
4235
1766
5592
2020
7532
9310
6699
977
4514
1163
6805
9751
3067
6431
1354
7447
1169
4367
10068
3201
9863
10374
5063
9822
4847
5855
7071
5029
9627
2685
331
4014
4761
5657
5480
3896
3276
1357
587
1884
8819
590
4711
1015
5099
8780
10394
11381
3804
4174
10525
9593
11419
6278
4165
3345
2045
4776
4201
9732
8518
3160
9992
1311
8958
3022
5220
10717
7346
4337
11405
5055
7549
4520
1674
5144
8616
9838
7952
7482
7517
7474
3916
9128
6749
10203
4902
9446
9298
4934
9385
1382
11092
3612
3286
6813
357
1190
4955
768
3708
9984
4895
6999
5877
699
11447
5488
9090
7165
2333
9443
3677
11530
10511
6948
2968
5659
2433
4486
11308
6108
8471
1068
7178
4398
3756
9737
3099
3808
8631
1203
1816
10232
4853
11462
5805
2262
6130
789
2061
8910
5297
1987
900
7223
8322
3134
2795
6475
1211
4730
4445
3388
2335
8499
10464
1661
4120
4531
8339
6972
9599
6962
3033
7086
5498
1372
1477
806
2471
8019
2421
9614
10047
4588
1248
10524
6327
4527
2737
3437
7704
4239
2642
8396
6257
8347
9487
5821
5978
967
3883
10652
8050
10933
10195
8067
665
11474
6172
3543
141
10393
1704
8253
3076
564
9390
10941
2986
11256
10935
1078
3546
4081
5292
4931
1657
10356
2324
6002
291
9350
10355
3874
8742
5075
7584
6390
3301
4661
2438
9575
9877
2408
4965
6753
9383
422
5643
8025
2861
2772
1831
5473
2185
11360
11555
11280
11095
837
6865
8696
9164
4830
2717
11489
1775
841
5519
3912
1965
1737
4607
1493
1918
9335
3013
10981
1600
2736
1999
6834
8087
10490
9080
3094
1630
6052
2203
7908
2495
4672
3619
6404
8521
7552
4458
8073
2370
11041
10485
10906
10608
6207
618
438
6100
2173
4987
6823
7038
11110
6994
4231
8867
1003
8782
4154
9001
5260
339
8320
3055
5843
9644
6157
2669
7678
11034
1244
5871
1513
6079
11562
7983
7267
8604
8044
9254
4288
9901
6759
8081
4660
4320
8835
10715
4581
2197
4755
3823
4116
2406
7375
11529
7951
3948
1545
92
1862
5719
4323
3060
5231
8597
6660
287
2240
2411
5547
11527
2118
1573
4597
10693
1149
257
7843
1013
3277
8820
737
548
6802
3376
6663
746
7280
7007
3782
3809
3143
10599
913
8461
3373
450
8479
7454
7173
11302
5396
5993
2275
10955
10170
8585
3889
6951
3464
9928
7763
2100
10026
3671
10489
4046
11213
5347
5953
6995
5184
2012
7092
694
5364
11254
9618
7811
2259
7638
3988
3285
3483
11461
8570
11235
1230
5588
1820
11131
1824
6581
2746
6019
7434
4884
3133
661
3722
9662
11113
10380
9100
11014
5410
3828
7886
345
10866
5641
3748
2268
7153
4762
11423
10725
2239
6515
10417
4066
1864
6488
2806
2636
7601
9071
5126
10329
8022
10724
1205
9840
973
1160
520
5989
3158
8901
7799
4113
5355
10015
8557
2163
2455
5098
9855
8161
3769
8776
8138
5645
8947
8191
238
10164
6354
10171
4870
10034
1716
4640
4048
299
11189
7683
10228
5952
10396
3179
8873
8058
9856
2716
398
10220
1207
10325
9473
5209
10594
11394
1594
2067
876
8335
2347
3315
8757
10498
10165
10541
7819
3656
3036
1202
6309
1258
762
3268
1397
1838
6388
5096
924
6364
6457
5899
7255
4400
8839
7121
7416
1524
1828
3994
4631
6428
9671
3502
8558
9409
4062
8263
4909
5861
688
151
4186
3206
2186
6875
9972
4354
8075
7634
10914
9927
6557
10003
7932
2187
11037
2176
6944
9740
966
8593
2515
4385
826
4371
10444
3053
8539
8691
1478
8312
5493
10048
8035
4726
619
5620
1106
3447
6670
1760
4156
6295
7748
11083
6720
3891
9635
8938
10378
6471
5721
1917
146
10351
6935
106
1346
4034
808
5879
2153
8791
1604
6102
3974
530
2131
4025
11297
7289
6589
3632
1086
6798
10161
9482
5173
3155
5813
10337
1576
764
8071
6365
9018
11544
4109
7334
3824
2954
6964
2405
7926
3387
158
458
4497
5085
1901
400
9433
4644
9033
9048
3081
1359
612
3007
10743
9413
3749
8569
10354
1707
2054
6925
10578
9418
11346
5609
6444
7005
4800
8470
3328
1117
2064
11593
8916
9932
5955
6289
4572
6053
7054
2847
8607
4565
4764
4178
10893
5656
3309
3363
8535
3092
10238
7826
1216
7756
8217
8256
679
7587
6469
1679
4561
2030
4126
5389
3349
1810
9139
9721
3245
8641
7734
8168
7290
7415
2909
11364
8356
3929
6687
11508
7187
1959
5825
11445
8317
5161
7556
4411
7347
2879
4272
5192
8650
4155
2490
11066
2224
6014
