7635
7601
382
2503
974
8482
11146
4354
1610
445
2232
8093
6520
5107
6585
5287
3896
10335
3815
8112
9219
366
8395
3921
9020
229
333
1080
10262
7618
6646
2599
10309
4273
6678
858
641
5314
4493
5409
11272
694
79
9785
9889
7537
11054
2524
9062
10881
7562
9585
1487
3748
5636
8313
3681
2427
11556
4349
10308
3981
4778
3888
2432
6529
3376
4590
11601
8474
7756
6860
1182
2704
4968
7318
9488
8268
516
7420
490
8178
3322
5197
11603
1397
4567
2945
6496
8078
3420
8175
2640
4394
1876
4605
5764
2187
5955
10108
588
5136
4728
815
3210
2049
7105
7982
9720
765
7205
4648
63
4065
7570
3227
4808
5898
2931
7941
4111
1567
7661
61
3659
1626
3357
1723
10687
11429
6167
2527
4489
2517
10111
5524
55
6328
10971
6789
5280
10350
10927
5066
2061
10532
7617
4047
7289
1725
6608
922
10116
1422
11327
8111
10686
4389
8421
10042
3194
11315
10420
88
1409
5758
2266
2639
11031
1571
2169
8736
4654
5275
11257
2756
10649
1468
7463
9313
7235
2819
11363
7146
4084
6067
1302
8197
2139
9552
7684
10675
9
3759
5973
7523
2350
5596
9051
4119
11418
2638
9293
2439
2378
4934
690
7583
8113
6679
961
233
327
4433
1239
9929
4267
6634
476
9203
6412
9514
1769
7492
3569
4358
8816
4210
6604
6937
3312
1361
2468
1822
3143
11051
5962
11121
5228
4439
9621
7265
2565
1472
10037
5028
9013
2947
3747
1078
8980
4731
1432
7057
6880
7721
11219
799
4680
6086
11557
3570
9882
5111
7189
10831
6594
7134
8374
9734
10149
9826
7609
10624
7181
7250
8341
2653
2189
6227
6431
2065
1443
8369
6919
1259
3942
264
2732
5410
7302
4472
1342
11486
1140
6389
8618
155
10167
3198
4347
7358
2688
1404
10445
2818
5613
1956
1664
7952
7956
503
10869
5856
7005
10106
888
2469
6195
20
5325
73
1394
7604
11009
3796
9619
7976
8740
4649
6641
5886
10059
10779
8598
6137
2309
8825
1473
5157
6776
5718
7438
3464
2211
9117
3354
5977
9078
10789
3566
9152
5350
6642
6409
10438
5923
9465
8019
1069
6489
5352
9170
8084
9248
3453
6216
5005
727
9207
11580
3734
3551
8867
7499
8517
7169
432
330
9661
9292
11118
5146
3561
4249
1211
10362
2924
7627
9502
518
7697
3657
5155
3506
2978
10078
3304
2058
3099
2396
7986
10771
4614
7422
2856
8437
7160
7012
6201
9143
7712
6710
7913
30
9252
2102
2859
716
9683
3213
3368
7517
10180
7423
1344
8755
6891
8447
7328
8952
6550
8538
111
2318
9363
1400
7725
1559
7364
7505
8122
6846
4993
361
3023
7472
2794
7426
8205
2671
5887
3656
173
2600
2750
6009
2433
6225
2916
3461
1713
4352
2509
10883
3594
5331
4522
7305
9295
288
6762
1108
6251
7961
204
4281
786
2890
8251
9004
10740
3874
4226
9055
5578
90
5899
7658
11440
7014
11467
460
8154
9668
7104
6102
11207
852
4787
9736
7430
9786
2288
7283
1053
3492
3792
7415
5093
10824
9550
5200
4039
1759
8923
2790
6876
10683
7457
1407
8721
7602
5345
1251
1203
147
6904
6177
10701
8885
7080
5687
4049
10566
5521
11083
9139
10347
8789
3908
11574
11495
6355
7943
6901
0
8547
8806
2579
7677
6676
9530
5098
8857
388
9227
4046
4013
8011
1386
2474
383
1112
703
10758
9792
11175
758
4241
8054
8975
6472
9278
9802
6006
2025
4334
3188
1812
8236
1547
3646
2399
11215
6114
11184
10015
9181
5187
7648
10887
11093
9442
1079
7909
6785
3622
7100
5533
2589
278
9854
883
1214
9887
5173
3784
1694
2128
7814
1452
8804
2852
4307
7863
11469
4677
9873
11386
495
5266
6448
2097
867
1442
2270
9803
3221
6871
4244
1765
3797
168
4676
9733
9392
10137
3585
3462
4881
6329
9991
536
8853
8005
2223
9567
8744
10664
7584
972
6480
4599
572
1155
2251
6207
5004
5673
5527
4073
11531
9877
6249
1633
8070
9544
2096
6698
1913
9259
1120
5041
2870
5167
1735
5948
4417
6955
10323
8266
1122
7904
4204
10203
5357
10030
6675
1160
7183
11525
10288
6313
9480
8551
4550
3798
838
3470
2090
10096
3291
2176
1639
3770
93
5029
3766
2535
3715
3288
9850
4514
10136
10276
4685
9600
3195
1798
9304
2344
8717
11422
4235
7826
8165
6381
10490
1748
6243
3818
5248
10754
3630
5370
2370
399
10076
619
6729
8004
3183
2962
672
10024
8911
6021
6834
6481
10589
4471
6763
6172
6146
1322
5951
7239
2532
5348
671
9138
586
9711
7421
2336
4720
5125
10339
5595
5383
5931
2413
1888
7819
6445
3601
6056
9983
10421
4964
9955
8676
2806
3395
1524
5497
10803
9859
3231
7750
5489
6979
7579
11359
9517
398
6131
533
4490
8881
9210
629
8412
4455
10002
5102
6175
8491
9584
2131
9602
10939
4576
8099
6912
4755
1889
10092
5318
7234
7890
11131
9375
9012
10603
1806
5396
524
3072
4824
10097
1106
7576
1737
5
9504
1495
2195
5876
2501
9774
9678
2021
5286
5818
7566
8510
10729
737
1983
7631
10085
293
859
1968
10381
9015
1643
6531
7297
6406
4780
10479
9575
9021
11081
5525
10110
414
9927
6588
7462
9596
5753
7598
5075
2045
7301
6577
6895
5359
5058
1266
8132
11367
2260
3936
6024
4621
4931
8478
6250
10580
7123
10437
6516
2199
2494
6793
8762
3687
8647
225
9841
2161
9311
4152
6513
4625
7128
1136
8149
1663
5384
1506
3484
6430
5048
6100
5577
9739
10342
5426
4391
10071
7686
1205
1364
7394
6941
101
7381
1105
2855
2788
138
7448
9690
6366
2619
1991
4807
2409
4405
8850
3962
8320
4638
7945
11108
11220
6231
1674
574
6985
5251
2595
6214
2961
8082
11539
11238
8922
746
5461
6962
5272
7084
2343
6882
9303
11405
4000
434
8076
9912
896
49
7427
8081
4705
4783
1248
2307
8473
11059
9848
4834
7738
8280
6631
9861
10999
2426
9763
4365
6502
7324
7917
2789
1965
1421
2758
7406
3166
1373
8820
7097
1470
10843
1493
10696
9400
6811
6636
2308
4468
4766
8591
4131
4784
7500
10721
10550
7397
7306
8503
7908
1318
4888
10659
9944
841
9301
3920
7264
6078
2735
10086
7455
6073
9206
11113
1898
1992
5824
3802
9119
11575
600
7094
9748
3277
6661
1085
10458
7316
277
10533
6217
2055
6364
3437
82
9318
9640
8060
2180
7776
5850
1829
4024
7174
10431
2717
11597
6796
3447
9059
10155
4820
7888
10304
1786
5765
8615
1709
1157
5644
5568
7254
9884
7037
666
8090
2390
9866
8133
6627
2327
8519
6843
4478
11242
8935
4665
3089
3607
1998
8750
4061
2520
2593
10787
4095
6458
1972
2881
10996
9533
9885
1556
7047
567
1966
11003
5064
11155
41
4245
8666
8940
785
8140
10569
3686
10494
8220
2845
11048
10921
9489
8172
1927
4837
3753
9628
3264
8255
3066
9667
2848
10287
3664
1233
5946
7531
8710
10703
6946
6093
1370
4747
5737
7550
7792
4079
7011
9436
10834
2386
7876
10915
5956
7282
1477
1665
6439
6074
8417
6764
3276
8185
4695
9989
3009
5904
7783
9976
7044
9250
6060
8102
2121
5975
5440
728
8399
11340
1169
4959
8982
2953
2267
8965
4184
9007
929
2839
389
4813
11301
11024
11373
9871
8274
4114
1482
2551
7780
11064
11348
3743
9806
3365
11341
806
2934
3835
11519
4087
4718
8445
9943
8441
4937
4372
4537
2939
4138
10048
4373
8405
9148
4078
7561
10712
5441
10856
2997
10523
3997
8331
2140
9365
5585
7807
10931
75
2331
5499
9263
1039
9961
2697
9644
9727
6047
6797
9634
10962
1216
9669
10488
6509
9333
11313
247
9549
9647
5693
10390
5832
10172
3302
11144
8118
164
10474
7375
1779
9964
5103
2680
11014
3
3124
8908
4021
4928
6812
1821
5725
6334
1717
10699
10274
9937
4429
9992
10117
1481
11223
9185
4185
3252
7327
8679
1584
11122
4973
10372
8324
850
3049
5226
9770
1486
10520
3310
5513
1000
9449
4169
5185
2821
7446
6273
5101
4325
805
1118
8921
2562
4032
3668
1808
7070
9699
1893
996
8148
1833
179
4661
9294
3653
2777
2321
97
8954
9443
9716
8088
8241
7665
392
10626
2832
2977
3007
1869
8250
5196
1602
625
8287
3242
2022
3016
140
6542
9231
9620
2660
11409
4845
3319
8145
6928
2007
3963
10447
467
9482
736
10539
6055
3158
5656
5191
9359
6257
2675
3631
10628
6647
5448
6714
3859
2748
3825
1092
4693
2602
11343
8061
8607
840
4926
11350
10755
1296
219
1099
2083
9401
3442
4610
10306
4329
10596
812
1246
5745
6300
8476
5958
488
9267
809
308
4292
2564
3045
4899
1064
9624
1060
4647
11499
5760
3379
5623
203
680
10286
7216
4637
8077
2119
2394
424
4583
7577
7436
3378
7823
7187
8763
1066
4716
4502
3795
2186
2353
8130
10406
3030
7678
1653
9978
10689
9448
5151
2894
6383
10584
639
8455
5688
3044
9408
7930
8793
7468
403
2335
4289
7883
5584
10051
6081
9783
1072
7303
10411
1934
6095
6996
8968
10016
10157
6011
7165
8065
4675
3471
7625
3323
8727
8667
11458
3382
10613
5631
1152
3134
7926
768
1301
9417
3299
8253
4957
6547
4642
169
2654
10667
2981
8770
10757
5220
9963
7476
3665
9344
368
10189
10688
7700
7768
6532
6522
6790
6094
7001
8232
10860
8515
4623
5045
11061
10243
9778
1941
7718
4280
10245
2742
6948
9845
4769
8874
5978
2051
11444
8528
4233
7845
6780
2973
900
11460
814
8376
5300
7182
7279
10995
2322
943
4874
11546
7837
6792
1620
9279
3142
4560
10941
11186
1328
9149
5347
1020
1009
221
1492
7857
3586
2618
2887
10153
2293
5618
1383
3359
849
512
3698
5092
9352
624
4409
4128
10151
875
10581
3590
3707
8957
10665
9208
5012
9343
11616
1221
4526
4877
7928
11129
9358
417
8489
11087
3239
497
6344
5203
10656
2607
285
8973
6304
11576
9686
6194
4033
6555
10077
5518
9555
167
919
7096
7518
1697
453
8328
2005
10489
11594
4351
7929
11091
5640
2071
9063
4714
7784
10518
8158
6624
4487
5724
2987
3485
6076
7488
3098
8558
4882
10858
8868
3320
9360
8459
1059
4285
6821
1988
808
1576
4400
1884
4063
8340
8953
11331
8831
335
87
1372
2889
1755
10517
100
2826
7766
11538
5835
9590
6688
8661
8147
3889
305
5235
10483
2508
8382
2776
7906
7293
3540
10841
9486
11403
2874
3324
2668
5742
10708
1024
10122
11332
3958
4187
422
10852
7620
7432
10045
1989
1894
8754
5276
11092
1756
1034
520
5296
3660
268
1996
2929
8638
2261
8419
8015
459
2444
11202
873
7356
352
2620
6174
3292
10836
11265
3863
6121
1835
4799
7729
10017
4447
5129
7875
5400
6375
11094
8596
8072
2984
1358
3115
8365
3236
5055
4259
1401
8207
6191
4878
10400
8171
10356
820
7593
8221
2762
8181
10684
8507
1306
182
564
828
3670
8844
7142
5354
2126
2578
9238
5556
5372
7511
6711
7923
4743
7902
10819
10395
4690
3473
11250
8535
8025
5154
10072
8741
8301
191
7746
7255
9984
357
11310
670
1183
2445
1052
9788
4270
8387
3563
3237
6270
9211
5813
3817
4159
7247
6429
8252
3856
62
9519
7093
1747
4830
557
6354
2034
10174
10764
1635
2356
319
8456
5911
7675
6422
11339
948
8719
3967
8397
608
1177
940
2605
1760
8894
6649
8634
10774
8644
3425
3953
10198
10138
1542
5892
4332
9266
6349
5268
10228
4754
8469
5192
9234
8325
5627
125
10804
8271
5733
11577
2725
385
5088
10801
3280
4343
6828
5960
4907
8176
6484
8664
3517
8444
6388
10052
11158
350
5291
6854
5281
957
2621
543
9940
5306
4609
10027
7223
5967
6133
7027
5645
5446
6203
6120
3509
2026
906
10033
10222
2622
5691
11402
550
3018
6716
6551
1895
1311
8969
3768
8294
3777
6745
7887
10319
5961
2637
5189
4666
3778
532
2406
6126
7
1041
3186
10292
3267
5274
5638
6514
10364
7409
5614
6689
6473
4012
4758
3384
6046
10682
4068
1693
10805
10210
6043
7992
65
9580
4176
6152
7215
3729
8909
6613
10756
990
7120
8347
2632
3331
5686
554
2736
1627
2247
3070
6755
6025
10291
2572
7419
3352
10642
1507
7325
7051
6887
4965
7534
5937
9072
2484
196
3699
378
5027
1673
2364
9539
5846
10558
1224
9246
10861
10920
10241
5428
1598
2320
7743
837
7059
1784
11335
1609
2760
3944
9914
4875
8458
704
4498
353
2999
857
8689
3061
1539
5545
7245
4828
7311
10205
2212
5649
10393
6717
2500
5708
2178
1038
4793
7748
4906
9029
8373
3510
8926
5181
6606
10318
2902
8314
365
2745
6590
6122
9483
11453
7834
1843
3760
4563
9529
6276
3879
3047
6699
10146
11375
9014
1860
7278
11356
6589
9319
6136
7244
442
5362
11536
8075
8333
635
5079
9229
912
3771
8304
1042
6693
4496
5736
4980
8722
8751
10011
2192
11492
6032
106
471
2153
1051
3876
9056
3294
9921
1491
10178
1883
3283
3783
6274
2896
10237
4904
230
4339
3621
4800
11360
4395
8150
5116
10029
761
5050
10611
8669
3809
6715
2590
6508
2196
5703
8206
2543
3169
7176
3457
1346
1753
3611
9339
7090
6735
7010
1033
3635
3367
8604
3692
723
395
7332
8633
509
6986
2655
5492
10396
3619
9791
11371
775
124
5211
968
9132
8927
142
10025
3553
10934
19
725
1439
6758
4319
6893
3975
2103
4274
4251
10942
9768
4441
9671
1269
5605
3634
8234
593
8668
3978
10593
5710
3878
754
8189
5078
2926
2690
1872
7379
5991
10747
750
2258
11178
8161
6405
9394
10645
10327
10618
6059
4619
6457
5481
2546
2430
7147
9134
2352
10888
1312
10379
11560
10975
5974
8285
3980
6844
10169
299
5401
649
11303
9980
1538
8010
777
2382
6870
9593
1960
11407
7563
329
5781
7025
6886
5822
4729
2847
10896
4518
3056
8454
3924
6914
4009
8335
2534
9282
8056
10426
1789
3531
7102
10994
325
5510
9867
245
9073
10014
7741
553
9162
9694
5952
9569
2871
1825
2897
3346
7693
5778
9380
5810
6264
118
1270
1963
322
11510
5139
253
4254
721
1816
8336
8208
10095
4791
2393
10355
11382
1465
3824
3731
8534
4641
9876
10672
2782
633
4206
8311
11570
5373
2453
8734
8430
6471
1622
10543
10502
7963
2853
8865
6228
11540
2800
869
4096
595
8142
10263
2157
11479
11615
9113
2731
7243
1022
7021
2580
1264
3933
9473
5949
6906
2290
1026
10540
11450
7542
435
9079
4781
4956
11478
1135
2323
2466
2467
3060
10972
877
5965
2423
8243
7842
950
549
10281
4816
3959
7428
8958
10008
2596
6526
5657
8020
478
9350
876
1676
10575
3599
10605
9418
8008
11137
6281
8018
1392
3430
9548
7862
2862
1004
3816
1257
6902
2559
1256
1871
5271
11431
11304
4722
1632
8951
5077
8960
2458
9653
11098
6368
4411
571
561
5183
8611
1286
10084
8801
4659
10175
10773
6500
3780
6954
4817
6013
8215
889
3156
10332
2541
46
7832
682
226
6106
2188
10128
953
10738
59
5833
3739
5665
6467
2759
8984
3024
5137
3636
712
1953
11212
8796
917
3144
9740
4469
3758
3865
1649
2512
10827
4287
190
5959
535
2172
2291
8827
10038
9026
2511
4094
9999
1187
860
336
4532
9987
3725
5284
577
10414
7646
4470
4989
10632
11473
8557
10391
2519
2868
9561
10003
11316
1531
3366
669
244
7369
2577
129
1763
5223
1615
9409
3822
8659
8944
174
6761
9930
6707
1892
757
1067
11494
5024
2861
4069
1937
9625
2661
4652
9272
7893
6015
7508
8720
11254
6173
6969
10297
11278
3232
9175
6720
1107
5159
8833
7449
5926
5699
2403
10266
10898
3877
7307
4739
3268
8593
11336
6269
8680
609
4088
470
2054
8438
3418
8449
10104
5954
6515
5021
9370
1297
2398
8795
2170
3164
4057
2781
1619
7997
4003
5590
6787
5996
4556
9086
9837
5607
9804
1617
5000
10783
5648
3851
7959
2137
9297
3885
1904
9981
4895
10499
11294
5746
7441
793
5343
5215
7569
9732
797
8775
8991
748
5874
5217
5010
7804
307
11401
6029
7907
2478
429
9124
6803
11524
6338
10638
3609
5121
5148
2652
4653
3458
10791
9518
9331
4500
1954
195
4192
5671
4796
5302
8544
9824
5561
1012
9284
2179
1273
4278
8063
2955
3254
10150
102
5664
10576
2588
4671
2531
11253
11390
8523
3620
8033
539
10244
2405
7558
10546
5796
4491
10990
3990
1005
11572
6561
4978
2206
5517
2991
9581
7018
7251
7494
1788
10910
10413
6848
4773
10054
4944
10404
2295
10974
207
1260
1062
3905
8046
6049
5317
391
9757
9807
5658
1656
1167
10573
178
3838
6741
6147
1189
7383
3284
7295
9764
4686
10563
9709
6326
1830
11237
11416
599
9084
10357
8351
9171
2913
1787
341
11516
1995
11470
771
5599
1887
10615
6920
5606
7709
5202
3494
7412
995
10909
8808
406
10882
4146
6221
8963
8481
7524
10765
7063
3181
2709
2836
53
9693
3472
6451
1163
10595
10132
2586
10405
4415
2268
6615
5070
5339
1690
7116
5976
8613
8343
1909
6966
7076
5188
8483
3999
4042
505
4161
267
7232
8357
4528
154
6241
9931
6302
7856
7281
10430
10739
1629
6169
9371
7141
1402
2338
375
9852
7940
5114
4263
9707
6632
4309
8067
3466
1434
1074
1514
4051
1939
4679
7336
4165
5122
11522
8400
2402
5206
11545
4303
578
1347
5829
4746
8062
2693
657
3168
386
1670
321
4370
2237
7864
2850
8273
8995
7644
528
4640
10674
8317
2122
1496
9853
10582
673
1548
11380
3907
9617
4220
6807
11018
3075
1701
4499
6666
2039
7035
6220
6176
870
11252
606
491
10090
10194
9779
6142
7858
763
1449
11293
6837
271
5143
4566
918
2540
6184
4425
11222
5508
8356
1282
7831
10384
9376
10031
2236
1497
8524
2592
7774
2708
11318
10668
4189
5784
10238
6295
11172
4025
8887
527
3995
4636
1727
3405
35
7290
10312
4363
9605
2154
7869
1527
8712
1741
5785
1458
8416
7794
8588
1199
8169
693
8880
6621
8987
7839
2604
8774
8800
7680
384
1015
7370
1711
7798
1007
3482
5589
770
183
10548
6072
2651
3726
3067
861
685
2158
8879
9329
4712
5346
6161
5147
2150
1777
5769
2499
4853
5462
11321
8687
1077
9531
3894
4473
7911
9260
9130
5163
3475
9068
7086
4136
4879
7242
8464
5558
2729
6917
11543
7004
9209
5867
8627
825
5491
8480
9464
1566
8228
11456
10295
2925
11195
7355
10969
9907
6549
9723
2278
5074
10828
136
2692
1462
2107
11347
2136
5487
4155
2566
9273
10525
9065
6164
6045
6143
6622
1692
8042
6259
7672
8191
5730
7775
2876
5419
5957
9738
515
9118
10918
8291
9054
2791
5925
11596
8656
10832
276
6107
691
3614
5740
3884
11166
2793
3068
1533
10202
1728
1354
1001
3417
1235
5759
6633
8092
3419
2542
10560
9215
7359
3595
3381
8996
10067
6916
1031
9612
1427
10807
5368
11307
5265
7465
605
7008
9104
9655
4704
3490
485
1084
8129
1508
9833
11148
1192
1841
8162
1113
1957
7050
7568
5663
1616
969
6859
9557
3173
8036
2840
4998
8218
9909
9457
8843
9869
1210
1209
5110
2485
3767
8878
6981
10075
1707
10026
10679
6829
3808
5195
10133
9546
10369
9594
11593
6258
3380
6603
6905
10407
7389
10163
4156
3886
10782
10007
3295
10365
9045
9526
8540
4777
1483
1323
8584
11457
1612
7998
3881
598
2971
8748
6999
9094
11268
10366
7366
7545
8310
6384
3033
632
6875
10654
5214
6248
7889
4954
8849
10535
8192
3005
11
7228
10545
9917
5821
3560
8622
10201
6817
8492
7690
1300
8199
4311
7112
5193
2701
7520
2910
9490
11394
5327
778
5054
1278
2630
1565
2614
2243
9244
1375
7365
5232
416
4756
11181
11459
8277
8452
6359
10346
11370
8307
110
7995
4945
9323
1237
7121
5633
9221
10777
10616
10419
4790
5697
9128
3487
1964
1914
5252
1600
5349
419
8346
937
1844
9626
10553
3244
10844
4001
1595
10919
6230
4154
1360
156
8597
794
8662
4664
1090
3615
10118
6896
3581
10083
6708
4738
4572
8862
67
5766
7800
6813
4056
10141
781
11329
4558
9890
3114
10527
3015
11208
5516
6947
7188
3185
7504
11297
10840
3208
6433
1999
769
8095
6339
6637
4421
9507
5367
7408
3988
362
10215
6353
2202
3435
7974
22
5763
8513
1577
9038
1441
1621
7552
306
6478
9330
10951
28
477
4293
3728
3556
4733
5675
5469
2893
10463
6575
6553
4847
9670
8961
1726
4750
5209
2052
5795
10231
6423
3361
6705
10005
1228
10290
11124
1579
7723
2995
6576
9865
6070
8619
10259
4407
7331
499
480
1592
10500
8541
356
150
7836
6618
5430
997
3820
11246
4442
3468
10917
354
6874
10012
9506
904
10817
286
6940
6495
1780
243
487
11344
4844
8195
1967
1720
4708
7513
9356
851
3898
9660
9743
8389
10316
130
5105
2687
655
6193
2573
9818
8575
2240
9827
8840
1857
83
5117
6597
6546
2283
11433
8983
8823
4632
3273
7859
2574
1545
5863
6134
4643
9948
52
9257
10510
7811
10982
3017
7736
1096
10884
7955
6033
604
2200
4948
8292
7594
2624
7833
9892
1289
6658
4368
2919
8895
973
6168
2116
5817
3947
11052
2334
6900
6058
9582
6690
3737
4300
374
741
10629
11463
10977
9652
10123
10715
3749
228
9775
2985
4803
6286
3738
1916
6770
774
8518
4814
10376
1044
9346
115
10781
10461
131
6822
11055
9469
10218
9568
6959
11005
9677
5404
10959
7048
2067
3109
581
9093
1820
6957
3762
1553
2361
1188
10552
7565
4454
7275
3598
4950
2552
10343
4216
11322
9906
9536
2
6686
935
4209
10653
4099
7639
8746
3697
9525
960
3937
7107
80
6674
3612
568
4730
1161
10113
2933
7564
10435
8128
2720
1863
3443
4238
9374
8361
263
4183
887
8629
10850
8805
9322
9497
8085
7844
8363
6075
8869
5387
738
11435
678
3511
9946
6730
3992
9307
4162
531
9988
1631
262
10196
1607
1742
3002
5417
6
1337
2020
5893
9416
9192
1733
10000
7233
6949
5936
4860
8261
11610
1512
5929
5036
5001
9172
2765
3180
2914
7884
1564
4495
5748
8626
2612
9742
1121
8845
439
7454
9422
623
5307
6440
1716
8322
5289
9196
6232
7613
2827
112
6722
1425
10418
6806
3891
5433
8246
7225
10257
10187
197
9618
6256
1378
1379
1515
10385
10968
1815
6469
8707
1840
11079
10119
3675
6097
4426
8859
9928
4234
7185
2957
10221
10997
1703
6124
2048
10724
856
8966
2036
6802
6664
6783
2838
817
8860
10093
479
10706
9637
10124
11086
702
9388
5201
1175
5240
6112
5042
1979
76
6408
9046
4445
1111
7390
1190
8485
1962
2594
3539
9011
1535
6644
8222
2299
7553
3923
11198
11287
6352
9747
4840
7600
6890
10811
1710
7110
6810
2284
8899
1875
1325
6623
4201
5094
7407
2583
9524
9336
2100
8471
8330
7261
8505
893
7827
2062
5376
591
6320
11017
11214
1772
452
4142
9571
2041
11383
1997
2297
2452
7670
8761
3162
4008
132
813
9351
920
1695
3396
1669
3154
6461
9965
9879
4789
6450
9393
3240
3544
2875
10914
11085
3212
11152
3287
8837
1200
8581
9751
3325
1309
8783
2603
8249
6654
1700
5779
6756
6057
9440
9776
4412
11264
3241
2109
2175
11243
5022
7109
2213
7322
5246
4382
1399
3602
6442
4822
7204
7373
1870
8319
3549
1018
8443
7778
7969
4536
3577
7696
8786
2017
7954
10464
3400
11568
5787
7535
6486
3916
2544
1359
3424
506
1770
105
5311
846
7017
6092
7310
4565
732
1202
2815
11506
7211
1696
642
7990
10998
7747
3003
5039
3789
482
3101
7935
5734
6582
78
3623
5834
3576
5940
10572
8766
7495
2563
4225
8839
3503
2751
8446
2076
10129
7287
456
346
3776
6149
9654
405
10903
4145
2996
1045
1371
8512
2060
7038
2095
1335
3303
9967
10979
2683
3994
8297
9868
4794
2449
8910
418
7046
10370
3040
4761
7429
10691
6242
8499
570
8635
1023
1428
10854
3289
2964
3281
3720
215
3034
7075
8156
4242
1646
8329
1241
5914
7101
3263
4826
7650
3565
4081
8964
11609
3335
2435
620
5210
7464
3589
1699
4574
7489
2486
7638
8223
7231
6857
5123
3413
486
7065
3629
1008
9226
6773
5135
4517
9477
8520
10043
9123
3411
8562
1396
6129
3871
4037
2114
5611
8168
1654
4075
3371
747
7878
10301
1254
1093
4150
4135
8610
4272
7268
10885
11461
681
7194
4044
10521
9562
5738
6080
2003
3752
2301
5547
6179
8245
823
9141
5053
4530
9756
1933
11245
6238
1935
7854
492
4943
1098
6993
1054
11430
1138
10472
6652
7874
9688
3220
10094
3649
9674
11282
6988
984
8457
8263
3970
4106
2228
5447
8757
9703
4597
8905
909
10088
7118
9553
10825
5860
8866
7960
1130
6170
11349
11008
6816
8743
7258
2684
5786
1028
9383
351
546
2233
8338
6052
10897
3373
10403
4815
6847
4521
7009
10300
10870
3020
2867
2279
11312
9036
11072
1804
2294
1516
236
4101
1355
5057
9603
6198
2774
6899
2570
11248
10179
4889
6096
3401
5917
57
5692
2214
9769
2259
4320
3095
4562
11488
1648
3151
10698
3774
387
4465
11090
1201
3336
29
10204
2286
5839
9165
11398
6277
11125
11233
7022
6417
38
1851
7624
11156
9010
735
390
6282
2715
4375
10473
1657
7056
10878
5890
6488
7218
2516
9444
9752
222
4318
4735
521
5992
2168
139
149
8637
6247
1207
551
1365
10363
11377
5642
10940
674
10305
511
3507
250
6210
4983
7782
2713
3982
8826
7346
3837
1915
8725
8602
11520
2694
3791
5694
3043
955
3691
6774
10619
2804
9899
11476
3328
3742
6915
4829
10325
444
9155
7300
5104
6153
5858
3362
1305
10943
7224
5990
8017
401
5539
7170
5130
6795
9939
6600
3157
886
2581
2385
2496
1803
121
4513
8050
4023
9023
281
3318
8051
8836
11421
3989
7797
7903
10752
10251
8214
2079
6361
4497
1471
9230
2074
6130
5849
180
8352
7936
4992
11100
10549
839
7453
717
6815
9082
3001
5060
7479
3548
7039
5242
86
116
23
9493
5131
1572
7656
2351
9025
5178
7871
6818
2514
1139
8155
3542
3298
5720
291
11210
5377
10498
8030
2545
4477
4379
2329
9715
2982
11585
7443
1250
9728
5332
6570
7299
7810
2710
2057
1570
11074
10587
5598
437
3939
4388
3262
4639
1743
8972
10354
6260
5294
2138
4552
6280
1948
3111
2728
7395
6036
5593
7739
10254
7478
4440
1536
11400
8260
2935
4362
9386
7343
534
2940
4656
8071
7221
6374
4534
3839
9957
9000
11589
6997
9893
4651
1450
9179
8157
7757
27
5986
4336
8254
2027
8601
51
6849
316
7793
10935
2204
4055
4825
1494
5458
2112
8353
766
430
1502
6294
4341
5870
2912
5980
11437
7411
11423
11612
3534
1987
3301
3756
1688
10154
744
2613
4932
8278
1115
11534
10578
6296
9194
3122
9450
7466
8677
7089
4246
56
7619
11353
7592
5175
1509
9315
5838
9406
979
2340
5922
9439
10862
10375
5622
7669
10036
9527
10299
3249
1929
9588
6119
7335
2326
575
7298
5815
5515
7754
1868
4896
6830
6751
11389
7920
5711
10604
9846
5177
2296
8391
9830
7372
3533
3979
8418
4091
7539
10066
11135
9220
2341
3014
5680
6391
10352
4611
10275
8709
8718
302
9459
3483
8576
11527
7772
2778
5288
8663
3358
7788
6702
2656
10226
5418
4721
2422
2000
5546
3149
9760
4110
665
9559
7145
4168
3163
8568
1412
5567
4911
3845
252
1906
2817
5170
6740
9102
2156
8560
6350
2582
6718
7087
4002
10823
8614
3655
5805
2616
8567
5767
235
2375
5385
10360
5205
9040
7444
10702
134
2193
7288
611
6140
7527
2846
10966
3123
6468
8571
783
10422
6825
10570
4843
10522
10412
8038
5305
5297
2337
2142
4524
5411
958
5496
3764
4584
4548
1797
10926
7626
8069
8549
8724
966
6367
7694
9630
9772
2113
4213
2770
3253
5249
1500
4419
11006
8713
5762
4492
1791
8657
7580
3260
10320
1313
9755
4846
11281
4208
9384
2998
10733
7551
2081
3695
6616
8383
4133
6001
8097
2555
3515
5557
7053
2164
4218
261
5112
6877
1850
3028
7891
2796
7480
7506
1091
6839
8838
10176
5474
3858
7382
6010
1522
3039
8380
8037
4753
8988
410
3476
9977
11120
3383
1644
3625
11177
1310
6596
10961
4027
6275
7796
10610
8321
5667
8791
8708
1403
11379
6034
802
6139
3305
6404
7064
4971
4634
6103
2023
4658
3081
7806
9042
1908
1501
634
7556
5432
1127
9834
7491
5379
7699
11019
5089
6709
10079
3811
4683
1279
1103
7765
6493
4861
1430
6083
4205
6866
5451
10454
5416
6289
2609
9189
4768
708
10249
4452
11228
8350
6333
5032
6944
9970
630
798
6879
3103
10793
762
1563
11204
1341
5826
9081
10647
7337
10062
1172
11338
11193
9545
4542
10415
187
3223
6909
3073
9357
1734
6926
5236
3010
1056
9471
6204
7599
4923
3559
4687
767
5477
7149
2070
4775
10556
7081
6499
7163
6791
7710
4655
4776
3703
4376
9616
3088
6066
2190
5466
9966
827
5519
6964
5651
7799
3207
700
5256
8106
421
2024
2118
5085
2959
7501
2480
7769
10814
2108
3917
8582
5062
6347
397
4393
1544
461
637
2495
11286
5450
2273
1790
6883
10044
5655
8104
11299
1446
7813
5842
6898
6017
3387
11448
8553
11489
10722
2988
6253
2798
4812
3546
2702
6566
803
2246
1424
318
6782
11105
776
10690
7222
8117
11138
2752
10528
2420
10268
4885
2225
11035
3326
1395
3190
4453
8919
8049
74
8198
1087
7790
1016
6101
792
10351
3204
255
4876
2822
8433
1351
2387
10864
1551
7586
7015
208
11324
8203
315
10212
11002
8337
5500
4360
3500
905
4227
1650
326
11231
6178
9472
6466
5199
1518
6437
4308
8974
1613
11464
684
2676
6301
3408
2416
1858
4018
4762
5363
547
5988
107
10621
9731
8554
4444
3574
10847
11273
8233
8023
1280
7066
1436
2459
4064
4117
2505
631
800
5069
8275
4975
4141
6314
7385
7914
8937
5277
9190
3388
1374
2304
7042
3334
847
8731
715
7227
10544
11063
5910
7728
4523
5953
7345
1229
9264
3311
1040
6777
9454
4317
5312
5071
4485
1767
6185
5442
431
1744
8673
2289
3694
3567
9298
3172
7198
7502
2883
2526
1928
4137
7589
8089
3375
328
10171
5678
9407
6234
7925
3209
3329
5881
8716
1729
6239
11411
4129
8539
5486
7339
3174
6951
6724
529
11183
4071
10529
8548
2863
2473
9501
6648
1659
4725
4390
5013
4910
2087
2207
8577
11182
7452
1731
7868
7781
1655
11487
8440
3032
1599
6042
621
7663
7978
3676
7623
379
842
11517
11140
9019
11508
1438
914
2277
8543
4456
2004
6952
5851
11414
11484
2075
8225
3069
8858
8563
7166
6545
10207
5509
5264
4577
5031
300
10253
117
2749
7720
5470
5375
8864
1719
3091
7079
5044
7320
484
10760
3469
3929
9157
2454
8739
1921
9182
5479
4570
7000
11504
7253
2477
11571
8209
3626
5994
7482
9558
2101
4404
21
9256
8498
964
3587
8303
3746
4613
1541
3307
4595
6982
2576
2349
2685
1758
8257
9106
10680
3960
7098
10967
2617
8569
5780
1634
6808
2345
11001
5138
653
5670
1721
1585
11387
2492
3410
2812
5564
9395
295
2792
5324
5361
10890
69
9047
9794
331
7404
4481
4102
743
8345
10853
10353
8368
9404
1794
8640
558
9784
7186
7828
1839
11355
11439
5298
10799
265
9180
1498
11234
4818
3422
10923
2629
8213
9349
11514
975
10028
2992
4598
9314
4304
7981
4011
11230
9682
4283
3705
7342
7458
6712
6132
10248
1679
9160
4374
5880
10751
2658
2667
1768
4054
7179
10010
1724
8830
5186
3096
6544
4823
5293
3846
11154
9503
944
2342
3182
830
6927
11554
9900
5056
11308
5106
2707
5587
6263
1153
9698
1546
2479
1865
6506
1293
627
10788
648
4694
11608
8372
9611
8799
11149
3297
986
11604
10416
10340
5234
4516
5542
9223
1304
11482
4940
3235
5082
3393
2779
2148
556
11471
9289
313
5245
2464
5581
238
3806
821
5218
11427
4901
10234
5126
119
4221
5219
11192
4074
6030
7791
10685
1206
466
5768
4030
11236
7323
5443
6731
7410
9629
9765
2155
8682
8942
2950
5467
8429
8556
11549
2741
6534
8101
10322
661
3036
6650
377
6403
2650
4118
8552
7388
160
6255
3271
8052
7363
8630
153
3058
10542
5144
5322
7597
3216
5127
10313
8506
7817
8646
11410
8334
7853
1234
1459
7512
10577
3575
10588
6521
6111
5722
3171
7612
4337
11191
9516
1420
7515
4851
926
10480
1604
4083
9872
5544
7442
6144
10797
4178
8749
7571
3327
3332
1418
3309
1974
4
4673
7582
7129
4626
324
11362
7540
8760
1757
1561
158
11501
2093
2111
5338
9938
4710
4646
1800
4324
5038
6079
4724
4256
9342
791
8339
1824
4302
4972
3521
7758
8258
7610
3083
4406
11261
782
1287
212
8939
7115
5635
7376
3402
4805
6188
5985
7948
4985
5080
11550
7951
7895
8407
5791
5008
4266
1116
5634
4048
5716
8028
304
6931
2830
2173
6945
5225
10225
10562
2130
77
7970
9479
3588
3941
11500
1388
4543
1907
3110
7979
3159
7606
2042
3390
10509
11579
8379
11565
2208
11071
11376
11485
9969
11291
740
4908
11529
3446
11046
9952
1389
3928
8978
11187
4995
8219
9001
5775
4040
4726
868
10506
8641
11342
9437
5337
339
9586
3248
7983
6753
3922
8386
6441
1208
6150
8856
5912
6511
8196
7575
9240
266
1193
582
9789
9934
5047
8897
2948
8733
3829
8583
6222
668
5776
7870
9814
10658
10380
10333
8114
4963
3502
573
4345
7262
7456
2829
5174
10536
6459
1638
10140
9461
9288
3984
4488
4947
10957
5113
4699
1708
11357
4451
9722
214
10568
3386
10478
1027
11189
6311
5540
5654
10894
10070
213
3610
2424
1406
4377
3915
6447
4958
3414
7052
201
10662
4228
11583
5809
1651
2858
3343
2642
4115
5782
11134
3555
644
1150
9310
4322
3716
7855
7770
11595
9828
337
4742
7761
891
4457
4510
9452
6085
9261
5390
8851
8066
7950
6635
273
6181
216
3474
2384
1391
5394
10451
695
8873
3022
6541
6395
7180
447
3523
5534
2151
9277
1196
1774
5084
7572
11270
10813
601
8522
9926
2764
6801
5573
10427
612
11306
4356
1529
2567
3834
9495
1319
4711
11384
5900
7040
7801
6082
4883
8998
2969
2359
11241
5836
2357
5257
3801
3866
8247
7533
1810
2628
7967
363
5025
983
6208
10398
287
8409
11244
5732
5698
7260
4017
2986
2646
1030
3100
5819
11328
5152
4966
1380
5825
11285
8288
9601
3203
3781
8930
8432
9856
2339
11084
5040
10873
1930
11334
10872
11266
1178
8187
8259
2967
4015
8742
1862
9235
8726
2064
3704
2842
7879
3385
133
10744
2311
8628
9109
636
31
5241
5198
4996
2489
4446
9283
4540
9127
8587
1466
7030
2711
7581
4359
8798
11465
5483
4587
9883
157
8994
8414
2120
4802
10763
1411
8832
4506
6684
11068
1831
9121
7664
8690
10115
10727
824
6206
3261
10441
6894
1722
270
6527
8359
8420
96
6960
9281
6414
9781
3270
4604
8794
3541
1377
9105
9066
1179
7543
9816
9385
347
1918
921
4841
1838
9870
916
4043
9522
4589
373
3690
10089
6279
493
4962
1936
10599
562
4987
2171
10392
10436
10865
8240
1445
5650
11041
6138
7972
903
3199
3537
2252
7347
10746
6584
2854
8681
5285
6436
5530
3333
10277
10511
5238
1184
1274
16
9574
7732
4475
10195
2601
3369
6977
7148
10607
3700
426
9125
1880
3184
9076
1129
10147
3389
6659
9237
5083
6725
2900
4116
10465
4367
4366
6533
5295
8920
9959
40
9249
224
7032
81
34
4378
2888
3688
11078
3998
372
4480
6069
10487
5355
5323
2698
3927
5408
9836
10929
10220
1081
8578
7993
2400
9268
8698
1048
2262
6089
10206
7214
7637
1198
7852
1338
9696
10630
7424
4257
2784
4053
2209
11256
10623
8027
613
5437
4430
3730
2828
3113
8986
949
10260
2365
8406
5398
2256
2035
3945
6970
7688
9737
11163
985
10
223
1327
464
5335
2372
10634
11412
11173
967
560
6775
4848
6873
1586
1959
9061
2231
10830
4294
10736
5993
5267
18
6809
7744
4217
4124
9326
1558
7417
1455
1771
11205
6063
8632
5749
9659
7526
3641
7838
1848
11076
507
6625
4052
3141
3684
3671
6090
3821
2248
7034
8508
8404
3579
5531
4164
1977
4448
6677
1376
1154
1645
8692
8728
5019
9680
10242
7208
8053
4740
9239
11000
6578
8797
6418
3906
5864
5512
3496
1947
5641
5059
6778
6284
11190
1435
4140
3104
3848
9822
2662
845
10144
1292
9744
11141
9706
5752
2831
498
5503
7350
9126
3161
4230
1231
6061
8784
8270
6105
3883
11553
3901
8889
3943
1049
9016
936
729
7280
1715
9100
4990
9537
126
4602
2250
1288
6922
8007
7267
6068
301
7168
10633
8752
4413
9090
2162
3452
3404
2674
4892
7640
7679
5989
4355
234
9136
7702
10034
1171
4172
3225
3046
6892
8706
5751
2754
11393
7072
4886
3519
9309
2369
3525
10816
6209
9725
3215
1393
7210
7377
7521
9880
9258
4620
9334
7437
9097
8812
3372
7006
1324
7414
9166
882
8863
10955
687
4628
9201
660
7824
1336
6592
1813
7431
7484
8573
4997
8016
5705
2222
3706
9513
159
7965
11150
10741
9232
4195
3740
1362
3451
7184
9332
9741
1891
2376
408
934
8031
8475
3583
4792
9236
1416
15
10255
10597
11023
8904
11563
2943
1754
5695
2795
3807
1036
3714
11271
89
9069
7557
396
6202
10785
4286
1899
2716
1490
10209
6727
6476
7695
11099
8463
2664
939
11502
2980
664
7263
10976
6026
496
4070
4271
2627
193
8434
10695
11010
4561
933
6734
1131
10833
11247
6665
9005
3847
4541
10700
11562
10978
11325
6990
148
7045
4663
3145
650
8702
11200
7445
952
6163
6911
8606
10590
9606
5511
5672
978
2899
7138
4913
7777
1555
8398
4629
5230
4305
11320
4435
11326
2280
4097
11133
5853
4924
11551
6754
10177
8696
6491
7682
6297
11037
8180
1433
5535
2044
9300
9936
8877
5913
5414
7108
7900
5439
4752
8609
8773
4798
3243
10648
2938
3852
9098
7866
11533
11065
4582
5007
5180
7068
2106
4554
4458
7668
11201
4093
1204
9115
10954
4199
6671
10601
9697
2915
3769
7213
8494
7055
6991
5685
541
5065
3772
4200
6393
6235
7519
338
6400
4107
2367
9996
7892
2679
9498
210
10032
2722
2419
11069
10970
95
4909
5802
8143
4247
10644
2242
10444
4727
11490
3108
4855
7848
10041
2047
10780
6071
11088
9411
5164
576
7717
5081
3573
9800
5413
4041
7150
4697
7312
8032
7724
1581
1222
2757
6336
4872
3105
540
1521
9972
32
2917
8822
2699
2993
878
9857
8281
6833
2970
1440
9512
10429
7745
10899
11267
5981
1859
1191
6858
4082
2324
7140
2438
5239
11292
4420
2644
11211
4029
2008
9540
3696
3391
9286
343
4930
3245
1294
11511
11586
10714
8003
10173
10450
9147
9378
4579
902
9710
5823
8312
4650
9308
9604
8212
5681
4914
9368
710
4385
835
6362
8332
237
932
5037
5403
9213
3804
2080
4108
6171
5812
7313
10022
3644
3680
8024
4900
9133
6935
1275
1467
7088
2285
8238
879
9705
3008
7987
1801
4045
7349
1593
1766
618
2990
3345
580
10455
8665
11428
8119
9726
7469
5935
6972
8585
8040
7652
11468
10992
5259
9563
10512
10186
10622
3463
3938
1828
597
733
8821
9942
3282
7111
7091
3029
4314
10341
6475
10125
3315
10617
4171
6215
1849
3643
1249
5003
4902
652
6862
367
2163
1618
3793
7701
6413
10710
4869
10988
10317
249
4186
4090
6672
10452
8229
11455
8595
3211
3968
1061
6460
8672
2689
6182
714
3934
11445
6190
5797
9643
3363
5783
5109
1951
9158
3925
11434
6341
1082
7560
5728
6759
9317
4715
5901
9663
7103
9340
5034
5425
9114
4038
8888
8308
11020
7460
5798
5927
10424
10121
10707
4603
10735
11251
1745
4571
7439
489
3857
3440
4925
1597
9403
1238
1867
6721
3316
9933
5579
8153
4662
9398
10112
11600
7787
11507
10109
10946
10901
4484
8179
10495
5168
3765
7603
10219
3439
1932
789
9467
4399
6663
8293
10069
9091
9923
11104
3133
5427
2272
4858
4098
5566
1134
8714
8493
4123
9639
9451
3532
4202
787
7525
2920
4436
3712
3919
5626
2472
3416
11227
1252
8834
9597
5828
3983
1642
10585
10579
10082
11274
9849
427
3833
457
6701
11038
269
11057
9122
1353
4476
6640
8787
275
5909
6749
11197
3823
5576
5617
8767
6695
8160
9137
10508
1624
5591
5011
544
37
4884
5006
3202
10081
7249
10425
58
3370
9528
11142
3950
3651
1367
7054
4277
369
6324
3374
2623
11255
5423
11521
4961
7691
1847
5964
9253
5090
4034
4919
6123
7740
1276
10283
5490
2006
8286
4166
5096
11530
5647
5646
7477
11034
9971
11039
1955
8126
7805
1736
2507
9819
5831
1381
10208
4549
9874
8886
6569
1164
7910
1146
92
4857
9034
10184
2625
6617
6563
10893
6348
5684
4062
8435
2975
2571
8166
8590
11033
2303
9150
1879
198
9476
9116
7722
3952
10397
4951
5329
9714
1265
11067
6474
1162
2244
7117
11216
4301
5801
8107
10822
3993
4240
2843
10160
8074
3842
5859
7815
10145
5493
10657
911
2245
1011
6116
4544
4416
2721
9564
8413
10586
6087
1068
3647
5018
3228
6091
1272
10643
11147
5982
3360
2475
8738
6539
8753
5755
2287
9990
5278
9269
11101
85
4067
7611
11309
120
6345
9894
2746
3317
2481
7509
7633
2368
3597
7435
1636
915
8300
5118
11605
951
6399
6656
1796
844
11288
8603
3116
8302
5714
4863
7024
764
9377
3605
11049
7919
2696
2281
6392
3429
9427
11043
2328
7872
2463
9908
6921
11070
6938
103
9372
10484
4976
2428
1258
2201
663
9796
7692
8533
9556
7207
1594
965
6939
6463
3805
9379
2392
10866
4222
1058
8594
4984
8914
3432
3175
6319
8835
784
1582
4832
6581
5704
5145
3086
5156
9430
7137
1903
4569
2783
4631
404
10440
1417
1398
892
7867
5158
5902
1461
6492
6099
10271
4338
8686
7674
8745
3819
2144
26
6662
9554
4713
3828
6888
3313
9328
4295
1730
7171
4151
10594
8947
10749
3592
5358
4072
9534
8861
5222
3965
1691
1217
7270
1792
11139
11607
4306
6667
7574
47
7953
5919
4348
8039
9369
2460
9812
4986
5182
8349
2089
8950
8159
2885
6989
6014
311
1262
2513
152
10551
3850
2257
7348
11161
4315
8139
10214
4741
11365
615
10737
3460
5431
7614
7616
1219
9382
1145
2936
4330
450
1578
689
11526
9199
3479
5283
2956
9508
7865
284
2274
1969
4600
711
7418
10574
908
6884
25
4555
7028
2700
10019
2325
5868
5424
8871
11374
165
8002
514
6669
10408
6856
10114
8756
9247
144
9214
614
4494
4122
8467
5316
924
526
8737
7971
8466
8006
4553
7657
9754
2533
10711
6567
8462
6769
5507
1176
1195
9941
9762
9632
11446
3433
10913
9829
959
8470
7676
2401
3754
2265
5548
11397
7353
5574
8431
4014
10401
2930
3689
923
7127
3779
7368
6528
931
2747
2360
2813
4854
5213
8651
4670
5709
1528
8852
2174
10993
513
9920
6820
4559
4865
3233
8542
9353
3895
4838
7898
8186
5161
563
3911
8971
11618
4946
5243
5468
71
4139
10409
6841
4535
1666
7685
749
706
8918
2972
5630
7605
11012
11060
4369
2951
6098
7286
3092
1683
5374
3258
11319
7019
4364
9535
6278
9730
7156
1419
8035
1704
10049
4870
9035
7916
7816
6687
5712
8948
9302
10127
2418
1749
4112
9088
10591
8098
5906
1761
10367
6199
5333
742
10256
3711
8932
10501
7125
10188
376
9746
11275
3041
10139
1938
881
8239
2442
6995
7715
1125
8631
5541
3275
1574
5485
3403
11564
11056
7296
5488
10717
3785
720
6694
7984
3530
8073
10681
10131
8586
9099
11249
7143
2820
10236
9645
1170
11132
7405
5582
10964
662
1897
9717
6958
8425
5162
7074
2371
10655
9492
9681
5471
9030
4398
4736
1485
9474
6976
8730
8846
5538
1672
11555
7167
5520
2282
10368
7942
8555
280
6187
8917
10900
8068
5456
8100
7060
9811
5827
10868
1149
4982
9858
9028
10762
5944
4723
10272
11126
10614
7062
11432
1751
5501
10039
4868
1387
3855
5250
256
10213
4297
7966
3449
2221
7384
8217
2059
7367
11354
10705
7751
3006
1109
188
5313
1186
11311
3274
4276
39
4353
11007
6965
3027
7049
3300
7673
10912
7759
8759
8378
910
4732
4897
7885
4006
3582
10211
192
7124
1994
5550
9583
2833
9979
5371
9881
146
10402
10753
1094
5662
7450
4328
2677
10557
8235
11226
1298
10651
5255
645
9111
4173
4645
481
239
11415
1055
5023
5882
7924
4401
6379
970
6598
6420
759
4920
6611
4007
8009
8059
3755
1213
10267
2911
9701
10328
2841
1982
11053
8184
10928
7822
853
1314
5659
4424
3269
5820
6601
370
9373
7276
10838
7927
6365
5270
7177
10879
4022
4967
10930
1382
3932
6479
10720
7357
7352
1339
8014
7704
4182
8870
6765
9973
2404
9184
10636
5221
10815
11160
5454
942
9092
10769
4104
1611
10541
91
5602
6154
1886
8999
731
9614
8841
8648
9032
9911
4737
8202
1284
6651
7795
4290
1504
415
1675
6838
5939
659
1562
3085
3654
1781
2941
7590
8354
8764
9478
9050
8699
592
7829
6226
4898
5885
1316
1549
6002
11442
9499
5575
6772
4999
7615
1814
2241
2166
3545
11283
5415
9466
6855
10646
3347
5942
7949
3813
3562
10324
2927
6748
1469
10846
1596
1714
8642
3102
10958
2374
4422
2807
1225
2110
440
8700
7162
5865
1890
8855
1882
7803
6668
5369
7387
10359
10217
9801
1775
6512
7808
2714
8495
1530
7294
438
722
9761
5907
10547
4772
508
7483
4616
2773
6039
1453
3160
10060
2446
7178
4760
6587
6832
4160
10258
2092
2147
3011
6200
3897
5998
7095
3554
5637
699
3721
448
3632
8723
9142
1799
628
10481
3926
2892
11302
10772
10250
8906
10098
5406
4316
2768
10759
7132
2498
11164
5263
8450
7314
4335
4617
9795
3520
4839
3238
9107
5142
8813
2634
7905
9592
10456
10289
6196
1628
11558
2412
5771
10377
5761
3812
11591
10107
2215
2032
162
5987
3591
548
8589
4915
927
7153
6377
11127
6008
194
296
84
4719
954
5484
10891
4016
2901
9354
8943
5979
4745
9916
5554
6162
2263
4103
9154
9766
9793
5652
2292
68
360
8022
7632
8896
9463
5506
977
1588
2553
6351
8778
9453
10505
12
5108
8048
6557
11462
3495
1003
3062
3038
9595
9048
11366
4591
3518
1637
6978
10820
3477
8989
3004
3996
901
9242
10047
10606
6851
6655
3286
3196
2608
1975
2802
2015
9053
1423
7727
11298
3710
8817
7354
3617
2557
5661
9041
9186
7292
217
9633
9704
3349
4811
4709
5330
6924
6186
2705
1245
4059
6482
510
538
3465
4262
5134
5677
5852
7493
9410
8955
8945
7881
5883
4759
7451
1156
2673
2010
11542
2441
2133
7996
1017
6746
3077
2755
6141
2772
3552
11451
10731
5033
358
11209
6536
5847
8182
3608
2030
8566
523
10944
4757
2994
2610
2734
1454
6012
991
8790
9355
9299
166
5552
10809
5341
6211
779
6936
5473
6864
279
1215
11232
4148
1919
7608
10507
425
7713
5120
6346
5793
3504
10434
4028
1348
8985
1569
9391
10559
7994
8616
9953
10371
3234
5260
6064
5536
3121
4922
1603
11050
9183
6254
831
1065
1712
8422
3843
3701
7259
5320
5814
2182
5444
3337
2038
10120
7968
2185
7980
696
1583
6262
3118
9414
9173
10794
622
7897
11143
7753
7271
9120
2719
6913
10949
8565
5258
7203
3678
10874
5840
8854
3222
2963
458
1431
6573
10020
6396
7763
5208
7683
5592
6757
1277
3296
3849
9897
9749
9810
3751
10099
8410
4941
11454
10945
6620
176
1677
6692
10598
6189
752
7361
4282
1236
11123
11617
10795
818
6487
6918
10627
8267
7628
5862
9381
9862
5830
2686
1046
3956
2537
8671
4949
1706
6788
7248
2086
5184
3344
2730
11103
2649
9745
10261
8688
5386
1366
231
617
2388
7975
6804
3935
10388
9708
10410
9656
4381
6681
5216
5603
6628
5190
4700
9096
1101
3480
2958
3628
8298
5351
2753
3421
8511
8735
9864
4130
11162
4586
8135
5119
446
517
1086
1100
10725
4691
10103
11185
4842
6453
9341
4414
5391
10906
3136
7193
462
4504
4596
2085
5744
8136
2554
5668
9968
7069
5941
185
4219
113
2851
734
10493
1519
9650
3661
10806
4092
6564
6426
566
8486
5149
4333
4835
9168
2744
6401
380
2584
3082
7399
5459
10802
5505
843
7217
3584
1881
7896
1281
8342
10704
7779
3991
9101
8561
11497
7252
8151
10876
8427
9415
4443
6308
3564
2227
8264
10660
6237
10102
6704
6619
8411
10061
3257
8177
364
9676
5624
6335
2631
3957
8675
11613
8620
8715
10190
9262
177
3057
11276
7133
6530
10519
11314
8936
1385
3078
1795
2239
441
10907
5808
8355
323
2219
3606
9347
7475
10091
10273
7886
5529
3603
928
7152
9438
2482
3887
2873
9044
9052
8599
5049
4782
3913
6155
1511
11573
10796
719
11136
2907
9982
10009
5555
3409
9665
6670
5878
9423
2455
4512
724
151
7284
5837
6380
10467
3741
9815
8902
1088
8173
2264
6612
11203
6337
11345
1029
2218
10985
3021
7762
1489
11089
8124
4501
1095
8087
2332
7944
8115
3775
9695
6005
8779
2002
6156
2767
5494
7122
10192
993
3966
1920
11225
11153
7809
345
8348
6910
1334
2159
3176
4177
7671
3407
8465
2383
804
6290
9144
5290
10748
9935
10423
5309
7529
8000
6974
6794
9275
4438
9797
5382
7733
10889
9700
8934
4383
2143
1326
2450
9271
9910
5299
10880
9241
5254
6357
3398
11112
3230
11025
1247
6683
1590
6607
3719
7434
7988
10101
7077
7043
9735
780
7973
1369
3050
788
359
1896
938
6118
8765
5930
4298
7159
9095
11599
4531
6331
11381
11528
2181
1317
9129
10050
5754
10835
3279
4109
10726
5947
5719
8890
1652
4507
1104
1591
10307
4467
1853
161
8782
8684
7329
5855
9435
11013
5908
8224
6303
11044
4936
5773
9589
1110
2217
654
3744
7269
8316
1194
2733
584
4706
6019
5097
6732
559
2814
8928
1587
1762
8946
8931
3593
10734
2643
8226
9767
6376
9485
5304
9002
2314
697
11269
7642
5803
3147
1826
6065
8691
6088
7026
11300
9306
2191
3987
5572
2031
7099
4194
2098
2641
9638
6022
6394
6158
7861
9851
2037
5702
2053
5498
8818
5407
8190
10503
3528
3526
10564
2775
5706
11578
3727
7378
9325
2016
5920
9217
9058
884
8428
6697
1180
4960
8326
10963
8366
9164
3786
1002
9245
11395
4864
7912
9691
3782
6145
8685
2124
6465
4269
2310
11611
9432
400
340
2547
5894
9491
4384
10936
7220
9169
4483
10135
9251
6298
502
4942
6023
651
413
9338
10767
2670
6736
332
3840
692
11027
1818
3219
9024
8248
8460
1680
3135
7315
1413
1220
11552
9651
2078
2568
9222
9844
2712
5915
8375
4819
310
6411
1557
7257
4953
1197
7273
1922
3278
11561
2968
5608
7029
6018
2391
4573
6037
2316
10232
9798
11151
6831
7083
1295
8693
8021
834
6223
9500
3683
5179
9027
1776
2766
1630
3931
6929
145
4927
6869
2306
5643
7285
9924
1505
6845
10298
6543
11567
6602
7209
7880
5565
9060
2302
4050
7309
1480
7175
5653
6219
10485
10612
899
4323
2410
5227
8001
10669
2146
11218
865
9462
7392
4635
7340
5301
5727
6903
5660
1534
3800
5046
11544
3899
4449
8621
6236
3187
8612
583
9591
10792
3969
1705
11417
2491
10134
4955
4265
11263
1368
519
3308
2451
1437
8193
1943
355
2761
6291
8970
11361
4615
4089
3285
10361
4134
5526
7573
1447
4125
5504
2346
10640
11199
11016
4672
6212
5429
7554
5308
10694
2440
3119
7649
5537
6897
3397
10165
6562
3084
3516
7578
8781
10952
6318
7073
11229
9997
2823
8109
8819
3355
6680
2229
5247
9842
4236
10053
2954
9156
1984
1151
2569
7528
1384
9145
4547
10534
7636
1021
11062
6889
1484
4644
5378
3364
885
8711
8645
1330
9218
3930
9636
6799
9163
10161
4357
7708
6358
5628
1525
3860
11523
4545
2703
9840
7977
9429
5449
1405
5721
10224
4952
4827
7229
1855
8981
6863
6410
9496
7371
5735
6125
4606
1035
11503
2974
8384
11109
4581
54
833
504
10337
494
3955
4970
11475
5800
11598
9993
11535
9280
1526
10697
94
8381
8487
10442
9335
3508
5741
9505
864
9886
5176
8532
10183
3827
6416
646
44
3265
4224
4588
1658
10933
1925
3527
8537
3868
7023
555
6510
4346
6160
10991
11168
11115
3735
3071
6113
9475
10158
1661
9110
898
3830
1641
2886
1926
5364
1580
5231
3909
1357
9905
7402
2785
5983
4505
2373
1698
6268
9009
2561
6004
11606
4546
8163
2882
4211
3338
7016
6583
2718
8012
1253
1573
4503
11419
4035
5422
104
9324
1290
1912
10336
5616
3794
2502
4891
7654
1718
2395
1952
4682
143
1390
50
8451
2125
6537
2105
3844
5072
2487
2681
4763
9666
9008
9689
2695
1124
11217
7660
7549
807
6427
2864
7031
2932
7467
3189
5747
8377
1605
2275
9270
5026
4525
9225
10491
7659
3596
5340
10168
2471
4856
7230
2891
772
8729
5128
9787
7246
8824
3875
10513
11066
6836
2866
9813
1958
11404
11588
4175
1142
2825
1478
5319
3814
4801
2333
10718
8893
7058
10678
10761
1097
4748
283
1307
70
9412
6826
6752
8976
5756
2666
3788
4774
6402
816
2312
5016
6535
9364
9049
3394
1331
6593
9542
8967
4707
11408
11058
2134
5571
686
6180
3097
3434
14
3000
9532
8509
1623
7922
5934
8758
6285
9075
3456
7555
6925
1230
1126
11385
8064
6881
11569
3392
8108
8977
8477
1662
10247
9003
8891
6682
4212
1315
10723
945
11240
2033
289
3718
8305
5153
7197
7199
11073
5777
3491
4158
8152
4253
3910
2226
5696
4076
7304
8201
8788
4887
251
4127
1457
8913
4132
7386
6519
5562
1232
10750
9446
4147
8938
7461
6786
6419
8488
667
141
10818
9447
3717
6872
9547
810
7041
11351
7932
7846
7507
5244
3949
9627
3051
4396
11378
7202
5970
9420
10331
3773
4767
5950
10635
9572
3251
2906
9509
10378
4036
5676
5619
10745
4180
6609
10001
3543
137
7172
1931
9799
6923
8392
5857
2135
4991
6283
5445
5150
11262
1463
9198
9204
8141
9470
7596
11004
9839
4657
3012
4508
8848
10013
6031
5615
10142
3972
1243
3642
7036
7655
9995
8315
2626
9140
109
1032
638
962
2269
1738
836
6572
2443
10035
9399
647
8231
3763
9202
9838
2465
2989
5336
10460
9587
8768
5770
5891
7470
4250
6244
1321
4387
1842
10676
5063
9750
3065
8044
872
3940
3522
6385
9685
4243
6325
342
8842
2330
9033
6271
3126
6490
8
10453
3572
6973
9327
5381
5669
6517
2905
6007
6784
2903
2904
6340
242
8137
9998
10652
6218
4916
5679
8500
6444
3448
2397
2411
10326
1185
8564
2805
7136
11188
2447
5399
9913
2009
4144
10987
4917
5262
5943
6579
1308
587
9405
9112
5017
6840
6739
9468
10924
6934
7003
8949
6332
108
2857
11032
7398
11559
4279
469
5841
10829
2249
3455
5790
3880
3674
24
8079
7157
7698
9615
3094
3682
7114
6115
11436
2979
3580
2809
5087
1025
5997
3436
10246
5315
3117
423
99
5269
5514
2923
7496
3685
8643
6323
9675
8504
4408
474
8282
10561
10433
1267
8390
2837
2436
8605
1073
6868
475
5455
248
3761
7238
10130
10476
7308
10235
9687
730
8216
11176
1902
4744
6639
1852
10892
7200
11513
9576
6933
6197
2160
9543
2529
3638
8802
5478
4031
7873
10432
7538
7544
2253
8131
5586
9233
8401
10166
4157
6148
127
8344
5166
9187
10826
9367
10911
7726
2483
3498
3826
9777
3478
9673
7532
5452
10386
4538
1750
5014
3973
832
3677
982
9481
163
7607
3918
980
7937
8530
10886
4252
2210
1303
8570
1606
6737
10800
7547
6819
705
610
3255
11388
9290
3059
3862
1625
5395
4821
7344
10960
9419
8121
10592
9083
11128
1117
11106
10877
8694
3787
11114
2803
3037
3722
5794
1414
9631
3524
4239
2470
9945
1864
7934
2952
10087
5171
10126
3750
11145
2415
1917
2205
7498
6673
6192
3079
9402
1817
2082
4331
4163
8083
10462
946
5435
10315
10068
3137
10477
7341
5689
1070
13
10922
3428
10387
7849
6307
1940
4479
6610
1540
8929
8501
10284
8029
9712
6464
4977
6166
5030
1181
11391
5895
9031
2726
3662
1832
3903
2429
643
9151
5551
10947
4291
2235
5707
7938
2152
6559
739
1866
1764
181
5888
11352
1924
1589
1985
8262
10374
6390
11021
5799
9431
5035
2056
10661
5002
2073
1076
33
10265
9390
11045
589
5690
10790
2860
7735
2824
9915
8318
2040
1037
1063
3557
751
9167
1212
7113
1819
1905
3974
7567
8309
1363
2497
8650
4275
8704
6050
1227
2094
1415
10608
5884
7082
272
3306
2591
2835
3226
2141
1006
8892
5051
8424
11296
10394
6151
3438
3501
4386
4190
2421
2462
6805
1263
5924
7541
6524
1601
297
7760
9089
11082
8364
10296
1102
7274
5968
8655
5969
9956
6766
7106
2019
10641
9702
5966
260
66
1861
7158
1285
3042
4622
7319
7825
9607
1089
11030
1827
9312
6494
9664
9684
8705
7622
3266
5848
6266
537
3900
5342
8901
5897
7985
7400
9426
4260
6630
753
6369
10073
8903
2230
5237
4466
407
8242
9174
4174
4564
4734
11369
3514
5463
6824
8055
10330
3912
9918
312
7459
8780
1986
1802
8697
7689
4903
5279
9366
10925
8204
2018
6643
5086
7731
829
6128
2515
1165
5604
3350
349
8701
2636
5169
6240
3178
8959
2771
2072
10871
6504
8649
3639
10185
5877
8993
6272
4938
123
11443
2315
6968
862
2123
530
2598
6449
6327
10905
5073
4143
5811
5594
8527
4630
1271
2810
3132
726
4867
8237
1329
294
5601
7139
2884
8448
501
10170
5717
9103
3106
1678
688
9648
8875
8550
282
8572
7830
2898
11097
9396
3505
5588
3708
5465
11424
10181
11496
2522
10382
3648
205
9445
3985
9276
2028
6638
5133
8174
433
3026
1942
8306
7591
10810
9729
8426
7092
3139
10446
7380
500
8658
8732
6505
8103
2069
8828
3693
8815
8814
8415
1990
7061
394
8164
5212
10373
10486
11537
5436
2528
9951
9188
2456
7514
6317
1075
6501
4066
7918
10666
6706
1980
2115
1978
871
2493
10953
3872
4392
3976
679
4179
9896
7338
9623
6443
6387
2965
5099
6456
1901
2575
4770
5750
8188
4060
11194
2879
4167
4231
10193
6062
11474
3412
11447
8747
596
402
4929
9455
7915
1488
7474
5726
9413
10264
1532
3669
2043
6987
7662
6261
6316
8916
6477
6560
6967
5625
2417
3290
10842
9599
1537
1878
913
10538
1144
7126
9515
1460
4450
9043
10980
6943
9205
9176
1517
9986
2011
4939
2319
10216
855
6035
1973
7360
3048
10837
4486
2129
6963
5774
7219
4702
9790
3112
819
5757
6330
2127
11119
8269
9642
11011
7256
6110
2834
10776
3399
6470
5854
6574
826
6135
7192
9975
1047
6287
5476
1159
1226
10080
7962
1568
10074
1845
658
240
7401
11372
9901
8442
10311
2224
11174
8807
8810
4170
2682
11284
7510
3645
7326
1133
2271
6038
6814
10496
11221
4810
11028
11015
9296
3152
8388
3406
7161
17
4100
8323
2538
6626
7154
4594
6719
10338
7497
6867
2960
2606
3733
8385
11477
6595
8170
8127
11337
6580
8624
9657
3201
10449
4873
1782
1444
9387
6599
2944
5569
3200
3131
10471
6398
3339
1740
6310
8194
4237
1474
2928
3810
199
6028
7013
4434
393
472
7687
9808
9006
3624
2877
11279
11413
7201
2490
2811
3340
3206
760
8497
4557
5807
7490
3948
2194
1554
10531
10439
2872
603
5326
6109
274
9538
6483
5674
10303
10148
9428
8600
11180
8210
698
6386
1811
4264
10670
6434
3914
463
5207
3125
3165
6525
7785
4423
6041
8299
5160
9441
6373
2937
9719
202
241
6768
2050
11346
2880
11425
6852
8636
9610
9389
5523
5365
9994
9285
6743
258
9608
8997
8516
7130
10143
3356
7007
10514
8244
211
8514
11096
3170
3177
5475
3667
11547
1291
3120
11491
1320
9320
8882
8529
7742
7173
10768
4688
11280
3853
7651
206
6382
522
7705
455
43
2255
7236
3167
1043
2665
3090
971
1732
2976
8057
10475
2091
200
6975
9017
6424
8134
8872
7585
4871
4284
7486
5560
1240
11438
1684
3497
5522
5713
8674
5067
8200
7362
6306
10784
9177
8884
4988
8907
10233
542
10457
4607
2132
6293
9641
5553
2363
10021
795
10565
4593
3713
2723
5792
3217
8394
8531
218
2366
1057
4121
930
3093
1132
10310
1350
4519
5729
10482
6653
1173
1128
10631
6835
11116
5224
4894
9057
3444
1345
10270
7330
9823
4612
7151
8183
6425
5334
10321
7351
8900
9511
10937
5816
10602
5253
10018
4350
6552
6397
2521
6586
4191
171
11449
9855
5261
4188
5233
128
2461
4080
4403
7212
8327
3351
6548
10851
48
4371
9321
42
1071
5344
8883
3426
3732
9904
4788
9985
7433
5292
10859
9949
4459
4431
10046
6518
8080
6538
7536
4684
8026
4461
2669
9635
1499
9080
10713
5772
9759
5141
3904
2434
7559
9108
11080
6760
7730
6040
10742
7155
6932
3272
4196
956
4313
8546
9672
10040
8123
7877
8525
8116
7481
8296
6183
3902
4935
6728
9724
2216
9456
420
4806
4113
8393
3986
4342
9153
10428
9425
381
8013
11167
9566
9825
10314
5438
11107
4214
5140
11333
4764
1971
9895
1174
9077
3064
1981
3946
4402
5392
6363
11481
1050
1961
4669
6713
4703
10197
10223
2560
10673
8367
11406
3179
2354
3709
6907
6771
5043
2558
3489
1945
2184
10571
10252
6312
5328
709
7621
3341
10609
4667
1681
7820
11509
2063
2313
454
8371
7901
6498
186
4310
11587
2678
45
2238
3536
8933
11075
7802
9460
3723
8941
3861
3053
4340
3547
7958
10285
5995
8771
7487
5789
5743
8091
7921
2549
10950
6827
9773
822
5804
7196
5632
9817
2787
4464
11111
5052
5873
1614
7634
6556
1283
10956
9265
2523
5844
4568
755
9135
7752
9064
9780
4223
6767
2727
2585
6744
8272
2408
4862
2597
5172
8652
8289
4126
6691
3736
3679
8230
3218
2738
257
8678
3293
1846
3146
981
7240
344
9954
3427
1685
4482
6016
10798
1083
8912
9421
10345
5009
11426
3869
6961
11582
3321
2657
7630
773
9919
8295
4804
6571
9925
11330
7771
2921
4258
10875
1970
2525
8472
756
3488
5132
6953
8484
9658
6696
3250
5928
3107
10916
6229
8536
9305
4809
10554
11420
10637
9071
10983
2799
10526
3841
4085
3568
10730
5434
11566
2305
3961
2014
7191
4585
7530
5666
4010
988
963
4520
5932
4893
3663
5421
4578
5389
5843
1686
3150
8579
4905
8138
8146
7393
5583
4255
848
9039
7272
4592
11277
6605
4058
880
1510
10908
9085
3977
3757
5460
8453
7734
895
11590
9337
5612
1158
8096
3633
5701
8167
11512
4086
9243
6998
6360
5559
5945
10600
525
1949
11235
10716
4203
8279
10938
626
2518
8043
9573
2381
3790
6750
10282
6267
8956
6994
2197
10986
874
7812
2165
2431
3832
4463
9835
4437
4668
3673
10389
2909
987
10349
2615
5015
11047
4418
2801
11548
8777
2347
1543
6292
4509
3431
2425
9521
863
1552
5095
10775
9609
189
2012
10063
11581
170
6438
3486
5889
569
4198
3128
6462
3854
8670
1682
7067
4859
9193
6980
10164
6798
8876
1244
683
3578
10732
10065
4981
4852
9891
7860
3259
10459
2539
5464
2946
2001
8283
6245
1823
4696
7425
4181
9782
6288
10239
8058
60
6342
10904
713
3076
5580
2635
10537
1456
9131
10056
2556
8105
3799
10023
1114
7716
6992
4005
7989
449
4918
2276
4627
6956
1783
8408
1019
8125
3191
1668
4921
7818
4215
9287
9254
5700
3893
10504
7595
4701
2317
1946
254
4833
11036
7707
9950
2104
9484
3724
5397
3745
6823
10808
3247
11498
11505
4299
6027
6523
7653
11258
9898
3348
10524
8047
10329
10948
6540
5866
3193
3604
3054
7711
7714
7841
6942
2029
3613
10677
1834
10105
1911
11483
4288
6044
11323
9200
8660
10530
11110
8580
10156
4410
1523
2724
1689
8045
790
2084
3153
6971
7334
565
3831
10719
4197
4795
4474
1476
9067
1332
11493
7643
2849
1013
3864
11532
8211
11541
5682
3652
675
2510
8227
2254
10227
11305
8362
2865
10055
5543
8370
5061
8521
5869
7485
10191
5124
4527
4248
8695
7645
4866
10199
9178
4462
3890
1352
7206
4229
9087
8847
10902
10058
4785
10663
10516
5165
9847
7237
114
4681
2611
3445
2659
175
7647
2355
2942
6660
3954
8110
7931
6485
10671
3964
9863
11239
6356
941
10849
4890
6565
8360
8785
9843
1349
3205
6370
7933
6950
4831
7641
6800
9159
11396
3971
98
1333
3873
9646
1746
9458
6315
8639
2117
6733
1667
5020
9878
6853
4344
3529
5502
9875
6117
616
8468
3512
3353
677
6321
468
718
6233
9195
552
5393
9713
8120
334
4660
989
11022
4539
6645
3658
11224
2013
7991
9224
3459
298
4361
2648
10468
8803
3467
7119
7821
4077
5918
1343
1950
7277
7333
3803
3493
3672
3550
4698
4321
309
7226
6703
6742
10417
10057
3499
7786
1014
6657
4105
371
7391
8703
8623
1340
1123
2488
2437
7413
7899
409
10293
6343
1809
8276
2743
999
6415
2922
1408
6878
9805
5366
2786
7703
1560
9161
7843
5723
9649
5610
10639
8625
412
9551
7416
10555
1877
8403
3148
1752
10448
579
4004
1166
7241
5845
3450
5356
5453
1143
701
4326
4751
1854
6850
6003
11480
2691
2587
8792
6084
6104
1
8290
10839
4019
5621
7851
4296
4689
6885
11130
10240
1148
6428
10989
676
3197
9361
9809
2530
8559
8496
6908
11295
5303
7144
7764
6407
6077
6165
2149
6371
3055
2797
4849
10693
3571
1119
2068
1575
3155
9316
10358
2908
8086
6159
4933
3650
3640
7999
11260
436
3867
9397
7850
1793
811
9721
184
8654
10857
4608
3535
897
9831
6435
6726
4529
1923
348
36
8776
2099
11213
9821
3441
11029
10709
9255
2377
1255
7321
4207
1479
1223
2769
5388
6700
7957
1885
3618
602
5739
4674
7946
2234
10932
9771
8526
8034
9570
3951
9494
4515
6372
5896
6865
8545
10006
10650
9022
9424
5984
11452
1647
8617
10812
7667
5528
9832
8358
9487
3377
2645
10895
890
411
4633
1448
303
7947
7587
2740
1475
4020
1168
8898
8461
4979
7447
7033
8402
2077
11364
992
6246
2869
640
1944
5549
2983
947
428
7516
2457
656
9692
5731
4601
3314
2348
6503
9291
10965
3600
6053
11584
2918
607
11358
7131
2816
2379
6265
1503
10269
2389
3214
2763
7847
1261
3415
1856
3538
7840
4268
11026
9718
10152
9679
1410
1687
10863
5076
4771
4912
5457
11515
11165
8592
11102
2203
6446
4717
6305
5971
9191
465
2550
5963
64
1356
9922
8265
7503
7317
7588
9523
2895
443
5629
4428
9820
4551
10334
5879
866
5639
3342
3256
3558
4678
9662
4779
9520
1268
7135
3870
1242
545
10294
10743
9228
4974
11117
5972
1778
11602
10348
5310
1976
6554
5321
7939
9622
8041
5204
7190
6252
5788
7002
11170
998
2167
5282
2448
10620
10981
1464
8992
5273
2358
10302
6454
4232
2476
5600
2198
220
4120
11289
5380
9960
314
2298
5532
6432
6983
10583
8772
9958
10469
5091
10470
7440
6455
6378
6048
5916
6054
3080
894
10497
4624
7195
10182
8809
2177
8915
10845
2647
11472
6779
5482
11171
5861
8683
8990
9565
5938
10821
4969
11614
11042
10973
4432
7666
6224
9212
1773
2066
3481
2183
4797
473
10567
3513
7789
3127
1426
2808
6614
4312
585
5472
8144
6051
290
10443
8490
9947
7471
3892
5872
10692
4618
9274
3224
9578
11368
707
9345
5806
10625
8436
6322
3063
10064
4836
8811
7964
5875
8423
4460
4193
7020
317
4427
7882
1785
9362
232
11290
10162
6108
9348
2414
1910
8284
6984
907
6930
10280
1608
7835
796
3246
2949
4575
4153
2966
4994
9888
3666
4026
10867
5620
594
246
10344
11159
11466
3882
483
1807
7749
8479
10515
10728
5609
4261
2506
3330
994
5563
9433
5420
4749
4880
6299
7546
10984
6781
5194
8439
1836
5402
9758
11399
5360
3836
7374
1299
801
590
1837
9434
3087
9753
292
6157
10786
3702
7078
6558
5570
7522
11169
7473
4397
3454
4786
7164
8653
3627
6685
1147
10200
8925
5905
9613
2878
3035
2145
209
5412
925
5229
1550
1739
9962
451
2380
8769
2407
8924
2088
1702
7403
3138
6861
259
2737
10279
1137
8962
10492
3031
9932
3616
2672
3074
1993
8094
6507
5353
9860
1873
7548
1218
2844
9216
7706
9070
9074
5921
11518
4511
10399
6747
3229
7719
227
5597
3130
7681
10004
11040
10855
7396
10466
6020
5933
6309
5715
4380
1451
9902
72
11179
9598
9974
8574
854
5100
2663
10229
3192
1010
172
9541
5405
3052
135
8396
11077
10770
4327
10766
3423
11196
2739
7291
1671
9197
8829
5871
9146
2706
6723
11206
3013
745
2220
5999
4580
1805
1513
9577
3140
122
6127
6842
5068
7737
320
6591
4533
7894
10230
7085
10383
11441
9510
4850
2362
6000
7266
1640
2633
2536
10848
11095
7773
1520
11259
6497
7629
7755
10100
9560
2504
9903
8979
11392
10278
6738
9037
5683
11157
5903
6205
7767
6568
8608
2548
3637
2300
8256
1900
1874
5480
5495
6629
976
10159
7071
2780
9018
2046
8502
6452
5115
1660
9579
4149
6213
3129
1141
10778
3025
4765
4692
1429
11317
3019
11592
6421
