4021
2115
4964
4482
2369
5848
10857
2815
10236
2037
5890
3317
3930
11456
2121
7310
222
4842
11573
595
4066
7915
8853
5380
4961
8151
298
7419
7654
4992
504
2509
6432
10225
6169
2133
10514
10114
2647
2745
8810
6005
11143
1217
5401
10740
3128
3265
7387
3
206
3876
2465
5081
6486
883
4363
1107
6705
3858
1622
1491
8621
1000
7043
1981
11139
5268
3732
1149
834
5267
8013
4683
5378
475
6335
4319
9799
3044
5636
1831
8450
9476
3927
129
1421
2518
5492
9527
7477
7976
429
979
4855
7868
3498
488
1318
49
10775
7851
3101
10222
6021
7704
2254
6984
3493
7961
10714
7161
3065
1711
2607
10759
2699
10797
9713
2088
8404
7932
2645
7524
3002
4877
7962
2666
5885
4187
837
9907
4025
6560
7984
6356
1305
779
8889
45
11457
660
8503
10046
8296
10546
3360
1151
2857
6041
495
8743
15
10100
9501
2044
3354
1835
2019
6408
3644
5412
2821
2720
8399
8928
8187
909
7914
8952
3026
10076
4495
2013
3490
142
6750
9139
457
5015
6640
7231
4887
8629
2154
5960
3013
10903
927
4487
4619
695
8408
2892
7301
5929
9885
6576
5592
20
8466
2170
5649
3704
4631
3971
9255
5024
6771
7150
5694
1399
11320
10130
5551
4567
6596
1445
9078
7076
3872
2894
184
4538
1194
3114
3153
3122
4330
2527
1919
2459
