4883
2072
5565
6698
8052
5635
4814
9152
2177
10244
7313
3845
7237
8674
9083
5546
10956
2100
695
5334
3650
11217
3248
1592
5515
3100
3884
10090
8893
2387
8686
9218
7241
5868
8402
10465
253
3427
6017
2745
6434
9054
21
9307
2053
1062
8617
9512
5917
8012
3582
7858
7883
3430
3271
8981
10791
10610
4835
2415
8433
5221
2715
9714
6478
8862
11431
3842
8326
10019
10673
3023
4691
4340
8815
7646
9488
10576
7801
9917
2995
4670
3517
4841
204
6109
8598
2148
4388
6896
1651
511
11457
144
725
9434
3896
1490
9561
6395
8764
10884
5601
4638
4313
5263
3658
7186
2530
2325
1396
234
3223
6265
8093
4230
1932
7076
1080
3886
8049
2110
4854
9735
427
8195
1294
10542
822
4489
9065
10854
11573
11249
9799
4853
2692
5926
6498
7242
2919
2157
1648
8939
6237
1304
745
10761
154
2603
7388
11608
4565
3782
4429
3984
1503
2724
3275
11194
6928
7336
4935
10577
3338
7512
9087
35
3501
8547
7623
4520
9642
8194
3425
11183
689
3668
623
9102
9027
3027
10491
7477
1159
3771
730
4466
3188
821
6402
976
782
110
12
435
6845
5083
1288
1964
3572
662
8253
7679
1082
3183
7014
3341
89
10053
10401
4955
5449
4944
10949
5132
9898
5461
4117
4795
1778
1518
8663
6112
9826
3759
871
3415
9887
7348
7547
7316
4277
8187
10703
5032
1312
3487
3897
3665
4017
6917
9626
10269
5970
5510
5146
10360
2565
5272
6535
6876
9925
10781
127
5674
11113
2165
3368
5714
3866
10000
611
6222
979
6895
6325
4193
4094
8519
8410
9582
10012
10342
1379
2700
2000
226
3011
11107
11498
563
2993
1784
9935
10654
8717
2541
1445
10891
900
5706
2204
5720
1738
11214
8575
4309
4664
3373
9997
1567
4511
8113
6441
2323
7116
11581
10446
7972
7485
10495
8631
1352
3054
2427
10353
8568
5980
4096
1117
5861
3061
3540
4473
210
7407
6147
3327
7085
1170
5975
9159
5874
2981
9789
6752
6613
9621
4809
6615
4367
8916
7587
7399
9867
11186
6636
2390
752
2678
3330
3742
700
6870
7685
5303
7683
8394
6313
6856
3924
9999
7607
4781
672
2248
1215
6689
4098
11600
6274
9786
6816
5731
5912
9791
307
9207
1196
5519
9073
1131
8302
10006
6774
2575
1865
2062
6409
787
7261
9634
7991
3634
2829
6583
5336
7086
10166
5267
11378
3362
5422
6455
10029
927
5555
7048
8425
11535
2318
10294
7514
7412
6758
2231
4176
7722
2524
1488
349
6302
5906
7891
5220
4665
459
11290
4943
7816
2964
7805
7360
7031
11592
8342
9476
11449
4351
2636
6573
7958
2411
6602
9385
60
756
1057
8816
1526
200
9580
6309
4524
1727
656
2353
678
5897
5181
113
8496
6360
3680
7953
5408
3744
553
3722
5879
9239
5979
8377
7906
10622
2134
607
11350
3578
1350
6599
4474
5328
2791
1291
3962
8584
1474
6497
5871
490
9855
2744
6387
7044
6467
8292
3315
8798
9013
11050
10496
3179
1413
6976
2246
3314
9757
1816
7517
3539
1622
7114
7309
7363
7925
9768
2947
10128
11180
5822
10291
4902
3690
6505
4381
1629
11541
4487
8703
2727
3072
838
11357
6079
4896
897
7416
10381
7057
3792
4154
1399
5159
1970
5161
11614
743
7178
6880
10989
10650
1465
75
6834
7328
6436
9161
7932
4376
10376
4942
8336
10886
3968
6288
5175
919
4985
7051
5894
6085
1960
6423
5168
227
3065
4706
2705
9454
549
11031
4685
3565
992
5624
5945
6983
701
10198
9734
1662
11552
8171
8499
962
1623
8239
2638
5020
8715
6401
5420
11585
1084
6715
9100
14
5780
5598
5872
4936
4257
6105
7798
5250
2245
3624
9205
7385
5231
4068
3930
6888
4593
3679
3281
2409
4061
2215
2490
2918
10672
10442
7625
2152
1531
9528
5605
6948
4072
7559
9877
4974
7515
8587
2088
7440
6764
1005
363
2241
8702
982
2924
8926
6520
8107
4687
5387
2416
6770
6902
4401
3713
10946
2003
6946
5892
3302
4310
9889
6091
7593
393
2225
2479
1814
5144
5960
6792
7516
4563
2081
5008
2146
3762
5611
3139
6097
1917
1010
8800
10572
7681
9722
293
9309
4785
6193
11370
264
2627
5911
8130
8666
10331
9383
3137
3878
9091
219
3775
11560
2116
530
4332
10195
9272
11082
939
8903
2023
9351
3885
10897
4248
9475
8729
9420
6953
27
3316
8678
11433
11042
9837
6751
4758
2956
2612
9147
11135
9725
10014
3755
5637
9025
11373
8983
5931
11039
3032
3198
9860
8220
5848
551
5772
9315
512
7102
6780
1596
4648
9211
266
7657
4594
8998
8633
6295
9450
10405
1883
907
1612
862
11330
9695
4323
7122
2954
1197
5148
5077
4980
1702
11505
2189
7387
1199
1258
8023
1277
1234
7729
7590
8716
1108
5051
8227
4336
4319
6135
9359
7995
9639
4694
567
4326
8251
11610
3052
10536
3660
7964
4155
2623
7835
8803
5832
8136
8463
5899
8066
10641
1532
723
11124
5237
9477
11296
3972
4350
9445
10098
8892
8784
6008
7016
8196
9132
329
6919
5588
1574
6469
2869
6529
10674
11566
5916
2068
2814
3292
7963
10194
4201
9422
1172
2812
11116
7023
1297
4745
1187
11020
1282
10684
3310
10617
8016
3070
7787
10448
10184
1218
11547
2429
107
4926
81
6454
4375
1735
1456
10366
4647
8484
7301
1073
1349
4167
9592
8748
1860
2256
5028
3232
9763
2790
6905
2485
8925
5090
692
1151
11379
207
9039
5075
9895
4861
4236
5287
7641
5928
9939
6338
9983
7784
10324
10423
6968
11274
11291
6590
6785
4416
5764
3702
1537
2482
10268
11036
10841
5088
11351
66
2405
8411
5320
4391
3629
76
6900
11532
3939
6720
10855
5923
7090
4485
7523
10383
4614
11271
8088
10908
6837
6255
1056
3700
6952
9759
2078
5136
1886
10808
8435
7984
11197
3805
4716
2452
11512
1791
5817
7626
3293
8310
4469
1245
9398
11286
2223
11115
8415
9853
5607
3931
8395
3661
4146
4246
4798
5973
1176
1517
3849
9756
1545
3647
7470
4978
10683
6858
1993
8824
6329
790
5335
941
5763
6482
4549
2510
9560
2356
2011
10747
1205
2911
6891
9033
2539
8610
9045
7296
7002
9292
5594
7924
10968
8692
9966
9902
10356
9551
9740
10261
9105
2243
9038
3018
664
4120
1492
1933
1787
4914
554
4953
6951
10170
4958
10900
1409
4724
5578
11490
3502
4490
6587
4049
3196
6586
9184
3449
11524
8383
4913
3774
3710
3516
2794
148
3220
10716
1558
2132
3715
2499
4362
8809
9193
8426
9515
2013
2370
6503
9286
10397
8535
3570
3250
3919
2299
7137
4512
8443
7955
1578
4877
4413
2047
2516
3165
1832
10038
8219
11114
824
8330
4430
4990
6129
1724
10523
4348
11317
4161
10598
2316
6531
3451
9502
62
9302
2896
9375
4239
5680
2400
3769
661
5724
6885
1588
2721
6207
635
2997
10395
902
6298
5984
8457
3480
715
8469
9167
7571
3413
803
5439
10235
8622
6920
4501
3478
5456
10175
1398
7022
3772
5972
10634
5361
4305
7220
4164
9024
6379
11603
7269
4930
5188
11565
9793
61
7907
9952
4159
7418
3466
10646
5284
1178
11473
8376
10310
8724
6815
10664
7627
1101
4090
10528
5358
2672
5983
5127
6514
1924
4058
8996
467
7127
3987
7989
6596
3993
615
7390
11597
6932
3789
8053
2123
9037
4322
10278
5429
2574
9231
9446
10316
9329
3048
0
7231
5375
8837
3633
4845
9040
3158
4014
1497
3486
8964
5482
9484
4247
8628
9195
7371
3859
10804
1823
6771
8948
6994
2089
8971
8024
11485
9273
508
1115
2354
3323
9574
7166
3038
6546
673
9242
10506
1595
5031
9136
4217
9933
5186
9112
5339
30
4780
4099
9543
6712
7715
6795
1100
11053
4848
4278
11288
4708
2932
7606
964
7749
11562
2265
5707
10505
5799
4692
6630
5094
2823
7859
9701
8580
1692
2396
3923
3191
11329
3356
7055
3404
9926
5941
3607
8414
7966
1671
83
8101
9507
4893
3274
4815
8526
4240
9428
1528
5878
3443
7849
8340
9519
2941
5527
3776
7746
1451
2987
4127
3779
6046
2560
9113
9340
2783
11605
1561
9800
2629
1745
10142
7772
1797
9526
9813
903
11404
4895
8843
10043
10806
7905
7596
591
4950
5421
440
10346
6782
2005
920
3172
4506
10081
1519
4043
5778
4543
6608
4508
7979
9635
10974
7967
2914
7975
5673
5963
8768
11448
1052
2590
638
1359
10462
11502
6931
1038
2913
9875
8213
5116
7619
7654
7060
10411
1793
926
2015
6336
6060
3667
3197
9388
1145
6759
6048
8073
5712
3689
7962
1752
1689
7179
634
6925
4242
4562
7605
6031
6518
1154
9809
4441
6642
856
3576
6303
6578
2818
5893
989
1044
8309
1116
1686
10464
4308
8987
6210
3872
8767
8671
11283
8429
7931
7497
4448
794
8771
8176
11593
1985
3532
7219
4759
5865
5239
10705
5801
10875
9376
11405
4672
6293
10303
6690
2107
9274
5498
9185
7134
6488
4560
3914
10367
6351
10851
9314
10070
54
1525
696
7147
1905
9198
3520
6304
6451
8801
1016
8498
8737
5275
10985
10334
11192
4622
5365
4496
6374
6810
1047
3605
4440
6381
4595
2630
10196
9017
9435
7240
8145
1260
10906
10575
10699
2637
6892
2973
1077
9164
4551
5531
8014
895
10389
2602
4885
594
1483
3372
2764
6921
10965
4612
10214
10502
7460
10253
2212
1250
6541
9601
8520
4566
10085
7063
1500
7661
10730
10987
1774
8451
7413
2966
1945
8600
6996
7974
3935
10141
8831
7560
2518
3311
9893
9530
3589
7604
4198
9221
8452
2497
5648
918
5353
6216
397
5155
1152
10729
5936
7245
2432
4744
7789
6904
449
10585
4917
7278
215
3464
1161
5468
85
5572
2391
166
6763
5286
8379
928
4251
7895
5803
7538
849
7581
9120
11182
7893
9961
9178
11045
7806
9579
1230
1237
2588
6643
11384
10015
2681
10958
346
6711
8137
5079
4330
10676
542
4922
2104
10485
1296
7601
8782
9049
10718
4725
4129
1013
9093
3488
7475
1220
5140
7800
952
9295
7302
2694
5230
4456
6428
3241
1734
11408
377
9342
5914
10618
7020
1736
7293
10702
4866
10888
9832
5964
8879
507
2642
10516
10798
6000
466
2031
9396
10377
6223
3411
1750
2980
4634
4264
3728
8672
6980
4371
9442
3151
2821
5596
9866
3741
8573
3975
1660
5428
6151
7822
10145
2033
343
7448
8705
10945
910
2399
677
3008
8693
4542
299
7262
7150
5802
3590
3814
169
9063
10412
9418
10167
4069
621
1504
10337
1688
150
5391
9411
10720
834
10250
5646
8834
2193
9823
3688
294
4860
11090
2094
11406
4720
2242
9150
6873
7130
5322
372
3392
6088
2951
31
5154
11392
2805
6821
3192
3637
1850
2979
170
2180
923
3117
4354
1789
7532
3963
2509
721
8950
7727
11081
2589
10752
2343
7988
1977
3348
10850
3243
7745
5243
7671
4344
601
2799
7933
4517
2054
4915
724
9066
4250
11335
11210
390
9270
2478
1097
5530
10072
5310
492
5423
7153
5492
4449
6376
6981
3620
2394
7384
10099
463
10633
4178
2670
2773
4730
4979
1980
4027
1447
11421
4774
1025
3964
8201
2540
3940
8669
1487
205
4705
2079
11101
11461
2506
6125
5927
5982
6396
8009
11298
9748
1257
5767
7332
5292
4946
2937
8770
8295
1462
6839
11340
2780
3312
1180
3961
7068
4812
9140
9394
276
1656
917
7036
9503
3397
8554
108
11108
9779
9834
8704
8558
8732
6841
8141
764
11338
11443
9479
6767
1759
7372
6005
1473
10892
3005
10320
9781
8471
4206
4293
3420
244
7251
7056
2938
573
1632
10454
8870
4718
10075
4996
10526
4022
10724
2782
8675
2844
4037
1466
2682
5111
1190
3642
8952
8697
7415
9576
7589
3426
5434
8140
909
4241
8134
9870
729
7785
1992
2735
8605
8665
9777
9706
904
9016
10917
3102
3138
7067
8865
1435
191
9438
1395
290
6340
1687
10750
156
947
1683
6808
929
7037
949
6733
7129
11322
5654
6814
6108
2374
8183
9009
9772
681
3846
3936
6244
1628
10629
6991
3212
498
161
1995
6522
5379
1607
3492
8091
1819
11052
8061
9168
4480
6882
713
9082
5729
6424
2651
6943
7444
7320
11467
9541
8701
4259
2836
3921
2281
8835
470
8607
1377
3279
1127
1952
4921
5236
3482
2752
9830
3510
1341
5049
6836
958
561
10792
3189
11306
10148
4113
10061
3031
1249
9822
7008
1212
6536
3773
2239
78
6975
10252
5682
6261
8279
6438
3573
4238
6668
10547
8216
10361
1042
1309
238
11245
3786
535
881
11233
4626
1978
11401
2038
8083
11128
11426
10359
2050
7272
1863
10685
342
7319
8941
8565
797
9792
2666
8752
183
2884
4859
8783
2142
3901
1700
7986
2060
4052
416
7064
1639
262
10126
10279
2430
6987
11527
3317
6743
6616
2988
7902
10648
1875
8450
3654
7188
7290
609
1189
2931
10749
2739
4644
1836
5995
10057
4775
1998
1961
2963
10147
1795
9400
3929
6021
5363
5629
37
9728
4624
2402
3817
2505
10017
3567
11582
1471
6842
1925
770
2124
5627
8209
4183
11244
9212
7263
6453
6650
5582
2373
11429
4557
3222
4462
6132
4005
3181
3709
5760
1821
6851
335
8038
9248
5697
7648
3344
3827
4365
7276
1770
1493
8301
2707
10338
515
7340
11125
2824
6134
6970
8750
10690
3994
6719
10313
6967
8550
4187
4454
5599
3843
7451
5669
2810
10120
6674
6776
8918
9029
8282
8109
9995
2448
8689
39
6330
5233
8371
6036
9107
5187
6734
9323
8223
8792
6577
3879
5059
3499
1828
3613
2820
9277
6323
7483
8198
675
10611
2017
224
7461
2778
6373
5074
9660
1135
10706
6754
3610
11568
9653
5746
2347
4439
8877
4640
11067
11484
3120
1783
3575
8828
209
1058
7267
6506
8273
2108
5160
4791
8191
1402
7650
7061
8894
10552
74
4151
5042
5540
70
6456
9894
5663
9651
11141
1214
10530
7093
10479
4425
3740
1316
7072
8146
11372
115
2912
3178
7165
8544
5952
10924
9972
4260
11589
9440
6377
1878
4152
5567
503
3385
5297
8734
8927
5920
8668
6029
4581
8092
10169
10540
3289
7957
9249
5171
8967
3818
11481
312
418
10469
8984
4911
3839
11097
9293
7814
876
5561
4823
2566
6052
1238
6974
3513
9067
10783
11212
2555
313
10076
4568
536
5441
2706
529
4765
2915
3596
5383
3723
11085
8362
9783
8682
873
625
11130
883
383
1572
401
187
10118
10532
10392
11410
8245
11300
5479
2762
4740
9213
9929
8563
2703
7133
10810
2083
8156
9567
2319
2288
5170
9787
4790
1710
8549
1240
10593
7540
2698
11563
2380
2832
173
2754
6043
9078
9613
4746
367
819
11224
3953
10568
8994
4783
5089
3662
10973
6906
8233
6930
10909
1209
5683
7707
3943
10398
11320
2940
5608
9540
2206
4890
4731
6235
588
1450
5466
2377
2473
5592
8933
3791
7666
3904
8389
2826
1440
10189
438
4318
9194
875
7760
1989
1584
11567
7880
7728
1264
2055
3870
1305
593
2006
596
6828
3164
9827
7079
8624
2492
7554
11056
9470
10689
7691
10164
3862
5288
1678
177
6435
7087
4540
2955
7566
2733
6260
4516
8103
7766
4778
5096
11225
9381
731
9928
3991
575
141
7723
8413
3602
1491
4114
6226
5476
3765
1785
9953
4570
6886
4433
10240
9062
3721
1827
11516
818
1758
5014
2717
1848
8488
5882
5184
556
18
5831
10007
11606
6627
10870
6128
9767
121
6865
510
11228
8160
9350
400
4084
9733
6175
6081
5944
6537
9071
4185
3788
7358
8456
3193
6457
9330
8895
5404
8155
9709
6219
5558
1826
9594
5499
1685
5166
9678
6242
3521
10760
10074
469
2719
7579
11163
6268
488
8076
4661
3459
5406
8960
6356
7853
4070
1065
11459
4580
1457
6038
2084
9861
2604
5407
10260
1243
7528
22
5294
10975
2900
1429
5859
7631
10107
612
1930
1811
7781
4207
1046
9143
7638
9610
9637
894
2958
6889
9614
5046
8842
7169
7950
223
6609
10976
3324
464
565
9692
5806
8042
1904
3503
6068
9101
10745
9175
11216
303
2071
7612
5823
3609
6789
216
2357
10228
8741
2311
9336
3768
10640
3670
562
7737
3669
8899
7732
7411
4536
8921
1386
10298
2503
11170
3021
5352
8708
9244
7347
9456
341
8078
3468
2150
4678
4782
201
4162
8514
2676
11501
7239
10151
7218
1654
2389
1721
11118
9060
9026
3815
194
5123
7592
1235
4263
9679
4211
2907
7770
4674
1142
9264
11531
11398
179
3144
10755
566
3841
1834
9153
2647
4977
8095
124
10059
7339
11447
11121
3701
8955
1321
10732
1757
1637
4370
7530
10709
921
10101
5178
6279
8190
7918
8875
5315
3699
2696
2693
6249
5856
4682
4008
11415
9416
1807
5377
5319
7480
1357
9571
3512
8846
2542
9235
10459
8
11445
10285
3733
8511
11360
10284
11191
3442
5737
2926
3932
1564
9280
4525
2220
9890
1267
11129
6072
354
5790
10158
3041
10681
2923
8276
11190
709
3318
3374
9505
3505
1852
5078
3221
4422
4417
2989
10413
7706
830
203
6827
4057
7176
8064
8019
5551
5021
7620
3252
9527
1666
1019
3106
10736
11120
779
7595
4420
2166
10864
6101
1701
3678
6972
2395
11102
9057
8333
4126
9206
1036
6848
2831
9042
4128
9148
8041
1023
8215
5548
6552
8626
1808
6769
9973
4927
9015
4171
347
10931
10225
5687
7807
10023
250
2960
748
10741
5905
1320
6062
4659
3597
10904
10282
1368
855
6913
1408
8294
10064
8287
455
2322
