9416
10909
6125
1026
4947
8532
442
84
10556
3929
10842
1062
2506
6074
2293
6818
1908
2735
1717
9105
6724
10054
5344
2648
7690
1413
2890
7468
8466
5175
9724
1242
1095
1534
3812
4298
9161
302
2661
6110
1435
9917
3421
2162
5120
8017
6842
8659
6820
10023
9235
7959
9396
11445
2986
6875
2757
1065
8133
1827
1909
5996
6562
505
3739
1058
141
368
8211
7988
518
6402
10148
8435
2898
4119
4460
6573
7209
1367
5460
6496
832
8365
408
1739
3489
9155
5011
4930
5664
952
2469
1879
5935
4517
5284
9997
315
2233
8536
9210
2136
9583
3321
1466
679
2863
5827
7107
6666
5101
10091
5527
8146
510
8507
10261
10540
5316
1834
8243
6314
1133
2153
515
8715
8648
2482
10035
6915
1833
9649
8646
310
4746
5078
5540
7523
3346
4580
11557
3060
4410
8691
5565
9893
3257
3725
7570
9262
1108
5585
4531
876
1898
10868
7793
6005
8568
11230
4115
6738
10230
8455
5511
3546
8421
9882
927
2188
6909
7151
9777
318
8911
9386
7969
7974
7709
8357
5952
4711
4910
11332
6120
1568
11045
5393
11134
10829
6772
7850
9259
7642
1070
7443
2660
6778
4828
3623
2107
3036
11405
355
9389
943
4424
3600
9855
1143
10463
8205
4579
4561
4342
11128
2798
6490
8164
7544
6009
6924
5366
11574
8664
8983
5620
5941
58
2674
208
7378
8915
9083
10090
10467
4023
2634
2766
11516
3795
11187
1757
7644
3765
9110
658
887
1953
4000
9294
1799
8712
6828
8779
7940
7222
2963
1206
9023
7436
2444
7798
904
2401
4745
10243
3320
8173
6033
7152
3686
3313
8467
10362
9586
1301
7327
11057
10416
3114
11080
9852
8123
8784
11159
2830
593
8326
3436
8781
8673
2790
7171
9445
4589
6355
8210
10918
3449
2796
7398
8084
5461
9522
4777
1171
10545
4225
10669
9937
2521
1955
5749
3116
1164
11186
286
9376
1966
741
10059
7250
5186
257
2089
3964
7090
10372
3634
5496
5049
6655
1473
8343
2008
1775
830
9646
11535
10945
10716
4173
3539
6942
3866
3951
