10635
6682
4073
6330
846
4920
7398
7718
6820
2657
1466
7230
8555
8347
2395
9629
6379
11028
11450
52
7262
1998
4040
9117
5182
1217
5596
10771
5212
1911
652
5745
9884
4177
7815
1987
4738
1729
6442
6236
6333
1858
9690
4907
1305
11314
236
2939
7512
7526
7113
9723
4936
3047
10661
2321
11183
2664
5803
7943
7420
9065
11519
9142
11349
9012
678
7020
8485
5390
2917
1222
58
4108
10829
10373
3678
5792
1363
1356
5203
7269
7540
1055
6705
6938
4020
1899
8367
9892
8240
9905
7499
11414
1726
7018
8623
7778
9056
7474
5918
5789
7856
8033
3015
1409
9752
5276
11131
6736
8361
1029
10779
4411
2106
8662
8336
5980
8661
10642
8569
9868
6113
316
6170
3680
4260
8442
541
9651
6675
8344
6593
7860
4466
3919
1545
1424
9681
5208
7645
6681
5787
1457
1575
2141
10292
11297
3175
7289
11324
1711
5639
6430
9086
9808
10522
2040
2770
6450
8985
1604
3901
4290
1159
3602
5567
11333
6950
10889
9521
5298
5459
1743
10386
8964
8064
4494
3900
4293
2249
5375
1607
5305
11037
9468
8182
10561
9205
1046
5852
3124
11571
2624
11591
11113
6799
1861
10027
5903
3985
1986
1685
5379
191
8840
6833
9379
4275
10716
10237
1921
5272
3954
9250
11573
7865
2433
1012
4493
3197
2430
6065
10051
9193
2618
1779
2179
3433
5801
2893
9141
4327
3502
8649
3166
10263
1054
7377
9783
113
479
8426
9165
10133
3339
2151
7618
10554
11608
594
10937
2052
4011
11287
8388
2857
7604
1036
3266
3292
3846
4141
1026
10159
2498
547
1946
4835
7675
7725
356
4747
8283
5368
7953
6368
2621
4436
7544
3500
7673
9159
504
4792
7390
5840
10559
7025
6122
9516
5498
7773
8577
3631
3440
2103
10042
11316
6635
6310
10055
709
5084
4183
3498
2164
1257
1402
7959
7629
8398
5372
6034
5584
5318
8734
6104
2772
7321
544
5299
897
10016
1692
2161
7597
6300
10454
7689
4919
8009
4053
1572
6388
66
4505
10342
2741
6425
4566
10275
10141
998
5102
10265
7428
7282
10803
7566
9835
9199
2324
2201
1556
1739
4519
11220
7551
5142
6037
3922
6412
996
4291
5626
8949
2271
4838
7901
1564
6679
3858
4633
11587
12
4498
1512
9005
11449
3607
8926
2867
11516
8683
7844
1070
1375
5537
9036
4309
7325
418
6331
141
10581
3749
1308
10291
9233
2413
821
2470
11453
10389
11395
567
1135
242
4178
2136
7859
3011
10401
4282
6658
6418
6847
11609
10654
573
9370
143
6966
7761
697
7218
8149
5730
3181
7243
4963
1187
5021
9547
10240
11185
8176
6554
5133
703
1936
6014
10924
5416
7665
6381
5197
6411
8261
2318
4277
1198
3589
2717
6684
2353
5047
8794
2918
6719
9156
5422
2531
