5689
4737
6596
5744
2640
5619
9928
2489
10453
9501
2985
5517
10803
9657
9050
3419
3127
1331
10960
10065
5308
6360
4608
523
4088
1345
510
9706
11492
683
9421
407
3720
6984
10013
2594
5481
1324
6278
8258
3747
8082
7264
342
11068
10510
5829
4264
5410
2442
2308
10496
4718
1215
4509
10735
10492
5861
4614
8937
5664
1443
7072
68
8281
7490
8023
1857
1382
11305
616
650
1129
7128
7994
8692
5230
10234
4455
4100
11417
1700
5444
10756
10313
3761
9831
522
7451
5075
3612
7230
6799
4420
379
4920
7987
3432
3523
3595
5971
6711
8524
4451
7593
7956
8727
8989
1041
10899
10059
11049
296
3653
9558
566
3863
6349
8606
7270
3947
5637
7770
3665
2953
1927
519
4632
8779
8162
1404
5840
263
588
8166
7339
11000
5108
4050
4072
3442
8419
307
679
3811
7838
1647
9068
6619
5554
9085
1696
9435
4781
10274
9461
7391
11375
5398
6456
5992
6068
11516
10278
8607
3210
2425
8492
10987
381
9520
6941
2782
196
3001
224
7696
3413
5535
574
5943
5082
9708
10358
6774
5659
7329
94
3393
3784
6647
3095
5799
9235
6464
4530
4911
3724
1601
218
5310
2330
9784
11234
6063
6895
1261
8698
9798
8237
4178
7812
7175
7245
10477
6833
10726
410
9561
7950
3036
9840
8371
3209
10391
2203
2371
7524
11120
1089
10713
3517
2836
4091
8453
3682
8392
9666
6254
4516
9480
9971
10584
7746
5365
11048
6160
6987
5860
10215
7064
3025
353
9768
6534
5623
9446
2866
7033
479
1340
9236
10254
5285
235
2377
3706
8702
7980
1054
11005
7080
7309
11376
8397
7318
4752
5505
517
957
11194
7435
9967
7930
1047
8277
2558
10621
1535
10644
3927
10416
8014
8554
8546
10753
8829
5856
712
7386
5039
10910
5707
6742
9827
10006
1142
8107
7581
7398
9829
7082
9954
8066
1237
8981
4123
1759
229
7130
3360
8215
9512
10286
1038
10890
11122
2116
6282
8317
4356
4494
5713
9057
8684
11033
2642
1581
7722
721
5565
10347
4885
5521
11428
2518
10318
5560
6283
4470
7679
3689
9299
3258
10124
5428
3161
3989
7012
4415
4332
5888
3011
11276
11290
7790
6122
8214
8705
7494
5340
9833
7855
2387
3745
3479
9687
2214
1446
2152
1718
9434
6428
390
6241
8943
4473
7455
6374
8694
2393
1392
7689
2535
5197
6367
7683
11607
8386
8
11455
933
3709
930
6862
4848
10296
5478
2093
5203
1152
11255
6841
8796
7876
10320
8232
470
10219
5167
6578
5683
4485
1527
11352
7786
998
8158
1128
1704
8369
10794
7832
8557
5779
10054
1490
1263
8080
3881
11138
7448
9700
4945
11513
11541
3797
9351
7147
10604
972
1725
6468
4800
3461
9063
5416
4387
11301
3621
10498
4176
396
10698
6346
2611
264
3661
643
1003
9608
5602
10316
10978
9760
7772
655
739
15
3674
7324
9866
7618
10957
6761
4884
7589
6442
2578
3822
1266
10157
3636
4080
6777
128
7914
9970
9408
10999
8818
9791
3677
1438
8658
7437
2292
8213
9088
1145
11433
4068
8847
8720
2567
9795
7640
7913
11591
10269
628
2460
8665
1539
6359
3533
34
1156
2692
11327
5271
10771
2609
3898
2138
6082
9143
9709
9939
8195
1291
7614
8044
3416
5064
1463
3510
4887
4399
10681
8388
1747
1175
10697
9000
10005
2641
587
4409
7492
3081
9899
9894
3242
8446
560
118
3559
4998
3133
7857
10854
11494
2544
9406
720
3394
5812
10400
1558
