4782
9478
8253
3087
11548
4191
5021
3875
3939
3863
9613
7690
3152
11057
5135
10858
11601
4931
8166
6356
5887
5802
170
10731
5348
6214
1858
6468
10733
4785
5200
3215
6847
2857
10010
9105
4955
3568
5257
4570
44
4769
7879
845
1924
6907
10362
1198
10505
3716
9220
907
8175
11339
8852
5023
3384
11067
3518
8445
3949
10036
2394
5385
1850
11397
11040
8334
9202
349
7718
3200
11531
1411
943
1393
1582
9138
4236
3677
4538
3885
1661
10433
663
10875
1405
2283
4915
1246
1089
209
1897
10066
8526
3096
2462
3007
8267
653
5611
4272
5470
7679
10188
2069
4852
3762
5773
3310
10876
6925
7734
6685
1430
7818
7449
6472
5228
1945
8243
10579
5263
1124
5798
2176
3737
1303
2238
2743
5150
2025
11096
10178
1263
6317
10863
917
9025
9247
984
9466
10018
10973
9922
1841
7657
6716
9495
4613
8605
5512
630
1520
5066
11558
6235
3232
9429
2809
9916
3081
2224
2519
9033
3744
10914
8723
10079
6249
9779
9541
1899
10940
9667
11121
9445
511
4550
9775
3550
8309
140
7373
2042
2828
8319
4608
6417
10407
4877
4951
3348
4303
9664
7484
10647
8510
3332
795
9062
2761
432
8509
1854
744
7302
10183
4144
412
4802
9514
6903
7541
4059
6927
11190
6103
3426
642
5571
11387
6771
2266
8412
10166
10195
5376
8279
5035
1982
7692
7429
9768
2566
2497
9398
11599
10126
5520
5675
10237
4520
8377
2029
4070
1185
11566
9423
3972
6906
3210
2381
9407
4989
9451
5934
5825
2607
3633
1372
11195
5405
2454
4699
9850
5815
10458
7014
3541
4758
10279
7180
9338
5787
2262
3464
4716
5129
3796
10851
11424
3945
9610
3163
504
7391
1095
4422
5490
8300
6683
7028
10304
4556
9440
2571
5844
481
9778
5378
7757
3141
5414
10957
10293
9693
6972
3381
1351
2221
10820
3663
3469
7614
4553
2052
9031
4381
9639
8972
10117
1181
11
2597
8458
5870
6488
471
5093
7053
5003
9356
1417
1975
8523
6781
3090
4759
11302
4493
7719
6686
4985
10009
4244
8081
2257
8483
3547
11512
7372
3311
10997
8521
8439
6454
1463
9816
3084
4378
10886
6251
6494
10243
879
2762
8117
9982
9988
5737
1166
1365
9090
8563
190
9304
4288
2745
9104
10545
7001
11162
10186
9551
3704
1724
9067
5552
4100
11046
5763
6278
486
10927
7494
4757
10727
10341
5683
10152
4394
521
6656
5779
6758
7907
9235
4776
3853
4226
4561
2475
2496
297
11117
8119
98
10882
9123
3978
1458
7481
8841
9743
1070
4691
4831
1479
7869
6606
4598
8900
9194
5313
2737
4772
9829
11149
4337
6895
9009
1821
3422
2863
5475
11106
6121
1063
3775
11396
9544
7489
5412
2158
5084
1306
1607
9217
8672
5680
9903
3367
6620
3143
10802
8706
8211
4402
2488
582
2917
6942
320
5964
9482
6658
3970
4914
6114
3366
5271
10683
7343
13
162
5237
10638
6505
5283
633
5133
5012
10593
10670
11576
9005
8435
4458
771
6314
2574
3063
7070
6510
2493
3172
9324
6122
11274
5963
7773
5408
1134
11289
11581
4153
9259
11392
7580
1664
1472
10865
11415
10751
3630
5965
10787
3342
11219
6952
6497
11132
8245
5258
10081
9108
4755
9358
3024
1877
6397
11077
8926
6842
3810
8275
4805
1714
10110
6979
8051
2716
3684
5866
3916
11598
291
4229
1981
10288
7716
7863
10740
8476
9318
9214
4913
2277
1649
6423
2696
10289
7980
2088
4588
1399
5672
10759
6772
5226
2211
6669
2345
9488
3582
5568
38
5992
6493
2641
8375
7366
1848
10601
1548
11194
5651
6664
9522
10175
2769
6142
2255
2008
2243
7632
3290
9882
6560
6887
5954
2280
4250
10389
11142
11522
4116
3158
1916
10149
5502
2049
4705
6073
2346
10541
6813
1344
8507
2072
867
7729
2445
6330
8805
9713
6971
7776
4371
7503
4512
11103
4654
6831
10971
1289
10557
5364
9796
8996
5331
5461
1966
6604
5744
7779
1837
2054
1429
7850
4182
4626
3614
10321
10779
9566
9003
5184
6543
5950
1447
3069
6728
9028
2170
9638
2959
1538
1024
8296
6863
594
9650
8643
4731
2668
7686
6153
666
9084
2337
1705
1144
4443
9785
7683
4527
1922
1385
9641
8362
11300
1057
1116
5
7285
3896
1239
5159
583
7769
799
7206
9774
8
8651
4911
8419
2540
8714
214
4946
106
8203
7017
10002
8089
64
3375
4673
515
7606
2214
11499
3192
6227
6690
7024
2311
446
10758
2522
2708
5643
11225
104
1960
2236
3149
11062
2351
3793
7824
6891
3055
8609
2768
23
7291
10755
5563
5524
1514
5377
9162
5642
5769
2401
10716
2258
9393
886
6286
4948
1427
7772
10306
9459
2492
1701
6782
7668
10506
10159
9564
2321
1157
8606
7960
586
2215
5016
4095
31
4846
2474
7619
6071
5800
8184
8940
85
9790
9548
3101
10964
3682
2409
3043
7809
6007
5574
1791
3880
3190
11465
4130
11178
8747
10351
4309
4841
2399
8479
10333
8080
4449
685
3320
9842
8894
8952
7749
814
8535
5984
3844
1098
3091
6319
3390
2653
7469
2982
3455
7095
6104
7169
578
7903
2448
10410
1687
1690
939
1220
3645
10808
9383
10680
10467
8258
10069
8140
1647
8916
2783
3864
7512
9045
8861
29
11269
1422
8724
2398
7423
10441
8834
6970
6126
3957
9972
5338
9203
2105
2545
2465
10493
3341
385
10337
4709
5649
2154
672
383
11249
5505
7085
6056
825
11539
6697
693
2619
7644
3421
5770
4316
178
423
9386
6311
5573
5380
926
2903
8256
7177
3065
4222
6030
9772
11071
5309
1738
1625
6015
9075
11354
4056
9578
7695
9835
2642
1275
10760
4328
1554
5188
1795
2160
10718
8288
2387
10958
7389
6856
570
2419
10591
6747
7143
11550
3086
9944
9645
5925
6898
10663
9315
7671
1501
4257
5100
6681
6272
10824
11221
5017
11261
10993
5319
9910
1251
5655
4822
2038
1449
8165
6492
10052
10176
2021
9021
3812
4644
10738
7086
8872
6576
3134
3277
7422
295
76
10904
5141
6274
1632
6471
9524
8958
145
1402
10672
8215
6706
905
7969
6441
9283
7311
5625
10353
3261
8179
2364
2161
6809
109
15
10988
7232
3168
4551
8088
11010
3651
9919
4774
10326
5366
6184
9604
9121
8347
7941
4282
7787
3407
1699
7727
6659
540
10798
1772
7371
7361
8197
5105
7162
5042
4643
10224
6264
1997
9171
7972
2871
3569
10108
7073
9943
8106
9027
8599
6338
4203
17
7383
11316
10565
3219
5931
5538
462
8808
5297
5194
8850
11217
2916
4507
6402
2684
5478
2875
6448
7008
4856
11335
2075
7161
11582
9401
8230
4740
11273
7568
1542
370
893
7135
5355
9755
1409
7788
5363
2033
6987
10510
5336
2169
6595
9492
7521
3553
9840
1891
4280
2020
7334
3337
1804
1165
3565
3979
5729
7813
7318
2972
283
81
10092
10386
78
7134
11535
8576
9470
4192
7310
10204
4086
4189
183
8144
3379
4660
5738
11079
2617
9496
5510
357
5908
10807
1231
3170
6800
10960
5040
5362
7420
5388
2278
539
6562
5479
10844
9051
11032
8482
11236
2946
3631
1276
10470
4888
4029
2548
3809
5550
990
2710
9620
4618
9063
5874
11333
11589
5991
11157
8107
6002
1392
4279
8679
9863
1494
6837
5530
2703
6287
4207
5577
10488
3243
5713
5693
5782
2690
7687
7156
6890
3336
9057
8087
9810
4379
5882
4026
8255
8074
4066
6757
836
9710
9141
6078
5368
2370
2776
616
2232
7830
4383
3208
6578
6182
9911
10059
6985
9
5070
9179
186
10892
747
1751
4823
3453
6500
5685
3891
4635
8734
10278
8944
6357
5127
5828
10461
1688
8234
3481
2912
6129
2446
522
3272
4468
6684
4675
7908
4658
5834
9580
1208
4997
789
8794
9513
5809
5328
7326
89
10776
7243
2599
4407
180
2137
9979
5440
8583
9419
3282
1419
11569
9218
5948
7071
3618
7560
7128
9783
5756
454
9097
1444
5429
1195
2576
1823
3213
3412
3142
1277
6359
3132
9595
123
3706
817
7506
8731
996
5709
8207
7890
2343
10561
8845
952
461
2628
4117
774
5064
7613
82
6600
10118
10024
9261
6920
7585
5995
3297
10482
1114
4359
8874
3404
11031
3126
2848
2132
5242
2656
802
5889
5146
6602
6386
3888
10296
7912
801
3509
1978
10427
3529
9837
2975
3020
6099
11383
3430
3519
6819
4502
3041
1420
2781
8998
3223
1590
1137
6990
6818
10380
4700
513
7204
10325
10878
10082
5749
654
3572
24
8111
3658
2348
9596
428
8402
6765
4246
7006
892
1840
3319
7742
5930
11519
6263
2151
2184
1927
2336
6443
10615
638
9091
2896
6770
3267
4227
8707
9987
2913
9296
2764
8851
6426
3745
4136
9487
6019
9974
1487
6641
2659
1145
10455
10893
3872
10138
3424
3766
5235
6168
10674
3414
352
7440
725
5335
8427
10722
2839
3269
2967
4832
1760
3360
1892
11290
2141
4398
8116
11611
9773
2023
11420
4044
4169
3476
4020
267
10725
5679
4264
1781
11477
10744
10416
6450
7599
6465
8453
3841
10573
1869
1084
1034
6901
2254
994
5438
706
11349
2736
9279
3312
719
8777
7141
1799
1971
2028
4558
10365
7413
10928
11050
10101
75
6647
6476
7555
4775
433
11603
10983
6759
8760
1374
8066
3327
6400
8736
11155
403
6310
3776
4072
7255
7405
6580
9076
2003
4284
11041
8970
317
2954
10870
3115
1737
10828
10434
11461
5833
8685
4021
7005
4465
9285
6558
10936
5618
5386
8658
2650
9558
6354
7330
175
8464
11445
10986
310
7967
1206
51
138
4067
3220
4151
11353
3113
1923
6186
8795
1245
3062
2377
4999
4058
11203
4995
10404
4572
11407
8893
4630
4535
10734
665
1847
871
3557
6470
10771
524
6525
2669
213
4621
8908
8389
7421
2757
3235
5007
3048
8678
1670
6766
10130
7603
10767
7358
10781
4377
8855
3551
3672
10049
2120
8434
4400
9489
8817
8196
2016
4585
3790
80
7576
5985
3281
11536
4982
9928
3967
11361
280
7438
4692
10965
8641
336
560
5982
5101
10187
7068
1523
2821
3376
2240
10737
10035
1993
7815
6253
855
10400
11404
2503
4091
3610
9237
5900
737
6519
8909
5650
3129
2547
10707
6679
8322
2804
11534
10840
10313
3814
4373
5229
2270
3257
11255
8471
1243
8478
6022
1283
1322
3389
849
7949
5339
10823
8276
3646
87
5896
5045
277
4708
1679
8017
8542
8550
5187
2421
7535
5291
1499
3842
2135
1903
7384
859
6285
3632
9002
7667
9528
5707
5205
8220
3607
11607
11259
1155
2116
2925
4562
4541
5892
7443
2583
7362
6720
6118
3309
6881
8579
1756
8186
8277
5059
7030
2987
10366
2525
3535
8863
6820
1834
5648
6934
129
6218
9538
7217
6871
11312
10836
8835
1179
5485
10932
11616
7754
1736
3676
4150
6521
198
2971
391
1483
10715
5722
2900
847
11596
10342
11513
2207
546
4154
1702
5162
1890
4845
8930
2082
9553
165
2802
333
2256
10302
8942
10235
7510
4717
5349
11025
224
10148
11119
11334
442
10044
9382
6935
2182
5399
10402
3817
4896
4843
4545
5967
4187
10419
6670
2030
3288
417
3586
5659
4076
7155
6135
6540
9597
10077
6961
7819
7245
6750
5488
3454
10534
634
3012
10606
2753
5196
4138
1382
10338
2646
1272
10764
4005
924
5273
1050
9666
10406
1337
554
8339
11116
4368
4967
4343
9191
7174
4735
11502
5076
10813
7944
9206
3781
6761
8078
6583
602
10730
10829
3434
2598
4616
4552
244
3184
10437
781
6076
11019
366
3013
6764
8367
9024
130
6178
2092
1278
6646
8862
5691
5248
3908
1060
4073
4972
4953
8999
4734
8812
1123
2680
1803
7544
6204
7029
3207
4484
6243
877
1056
1285
2152
1229
1695
3847
11398
6242
11523
6618
10003
11427
11386
7548
1706
3664
2606
10223
4325
10915
10554
3783
953
6378
1546
6908
7578
9749
1725
7711
7168
11479
1112
4810
2648
3758
7808
10134
11437
6814
3532
1896
10612
8239
5223
3587
5001
4397
3986
4106
11047
3884
9282
11524
10203
3802
3748
6254
10584
9981
8962
3536
285
6940
11564
9345
6632
11478
8628
9934
4409
6188
1028
9127
11606
4
9516
5645
7615
9876
9454
10637
1556
3850
7963
9738
9941
4927
547
9077
812
10614
11263
9437
10574
7731
1363
8192
2836
10937
1199
6723
4780
5976
11366
523
9878
6085
1196
8249
2742
10907
9622
5846
5662
1484
9649
10262
543
11237
8557
7713
9942
10673
1880
1104
1991
9271
10120
751
9817
4487
4025
8386
779
563
5871
9920
10818
128
4219
4184
1525
5823
353
8324
6442
59
10550
7777
4861
11061
3617
8515
11113
1452
8227
9276
7496
10258
3326
8261
5000
10536
2734
1603
1271
2986
1716
8272
7314
8170
5321
3263
2752
437
459
1589
7790
452
5249
3193
259
5049
9281
8337
10495
5499
11275
8720
2011
10762
2921
8803
11123
1153
6457
5780
5110
11381
1465
1249
6571
4742
6796
10387
9413
6825
8232
10617
2587
5778
7932
7088
8753
1895
3585
3357
11135
3544
9432
3998
9663
5893
5998
4425
727
6406
11609
2034
7959
8042
2303
5055
2059
7989
293
4464
10788
818
8876
4092
4969
2777
4380
1242
7485
7542
7798
6514
7839
1078
8951
3816
9707
276
4225
6164
1696
6573
11350
1436
7563
10668
4237
2288
8974
8437
5013
1682
7789
1406
780
4461
6680
8846
5688
7954
2800
11412
4737
11326
11402
8572
8642
6374
8355
3308
4243
11372
4864
3620
6528
7261
6144
11518
3302
9447
1481
10650
11541
8991
2150
551
5731
3428
1228
5721
937
5480
473
5839
441
7737
8455
7509
11020
4907
4209
3248
10096
7911
11572
3254
5481
6773
7500
11482
6596
3836
8304
7003
8953
8282
2532
10700
5298
7565
20
7659
7825
10255
1648
9351
4929
7240
1023
5953
4881
8833
9249
6181
9350
10520
6418
1002
10161
2633
1022
9685
6609
6909
9717
5940
3395
5053
1305
6804
1753
7035
5978
6597
3773
2352
6780
3962
6827
7655
92
8316
5895
10805
6518
7868
2056
5503
4814
7547
6008
11466
3918
323
10073
10845
8767
4530
898
1860
2415
255
7313
10155
9845
5082
9758
8328
6928
4510
1180
4516
6375
9132
4689
6396
9607
463
1677
1511
761
4013
9747
10804
6947
7628
4281
8444
8075
4344
10566
252
9592
4983
5723
3668
590
7426
9572
286
5020
10963
9694
8405
7673
1678
7702
9556
1672
4926
10664
11070
10228
1573
2884
9888
7246
9275
6808
7173
1065
132
7608
7802
4121
11301
10905
1622
6222
4563
1367
8011
2225
11108
6146
8433
811
2550
8860
1539
7347
9795
6874
7089
2435
8933
11242
9509
6549
8090
5292
6777
6520
7242
8629
7040
5862
10098
10198
9298
1146
6587
8666
7953
7589
8477
10154
2058
4466
34
618
1862
2384
427
6922
6373
9425
1253
4935
3340
4783
1681
11341
2814
127
8185
2431
9494
9637
211
695
8341
2024
9839
9761
6965
986
8752
7764
958
7545
1280
1826
632
5560
7072
1741
4162
3561
1326
10168
6340
4221
759
5494
6392
10373
11336
8762
10595
10572
7511
6205
3270
1416
215
8045
1863
5928
11451
6156
6958
5761
7178
5354
8671
6892
10530
2045
1240
7810
758
10514
3856
10902
9314
8104
8308
5221
7493
1241
6527
1391
7664
11128
6506
604
10542
6090
10611
11146
10408
1080
8237
4924
3121
9238
7012
6079
9709
6233
1968
6807
2055
249
10950
9174
9999
916
1265
6939
7257
3353
1200
10576
3637
9945
5079
4201
7226
8287
6257
2559
101
1951
2093
5714
4142
8836
8619
6671
10143
2798
9899
1227
10789
10136
6035
4564
6027
8701
1339
273
6381
9159
9379
8979
2498
1470
6001
2036
4962
3913
10226
11530
2595
3511
1333
6829
2164
2733
3028
2324
2631
2208
8394
581
6119
8278
2740
10192
4540
210
9815
7720
9907
10248
10560
10221
564
1764
4514
7122
6715
2040
7543
4859
2620
4093
2770
730
2584
2220
8284
9441
4332
579
745
1813
7087
1703
10213
5795
11556
4181
5544
5610
2751
5864
1884
11485
4763
1748
5091
6657
2094
11332
9431
9846
7516
3851
7707
1051
8505
10256
8971
9399
6148
2350
506
11345
9855
11413
5704
10150
8095
10436
7430
3418
3491
2101
10879
7705
8260
9741
7388
6727
1835
4968
10559
2447
465
11288
8899
10920
1287
6751
9691
6621
1488
11610
1645
10598
10628
5999
10251
6522
2969
1352
6474
107
9624
3019
6663
6959
4323
9584
9902
1498
2952
1646
1167
1718
1915
3984
5255
7329
4206
6123
2820
5603
4789
7346
10682
8511
3764
3666
1553
668
5966
6611
11447
10748
11529
7774
1464
9317
2060
7598
408
10112
9628
2191
5529
8964
290
10090
9784
7851
5575
1111
7566
1957
5674
10177
3862
10007
8331
8395
8902
5330
3616
8371
2147
6905
535
6009
2499
8472
760
9346
8635
4195
8351
7046
545
10115
8399
9039
2711
6742
1412
6269
5858
5822
3685
6021
1836
5593
1441
7685
5817
1073
11388
8401
1113
1267
6973
8292
3273
3368
6394
10242
472
746
2428
9724
10449
3778
1338
5125
2193
9715
10685
2989
9824
4671
10064
10822
10403
135
11546
9476
8694
8905
1593
9703
7978
420
3648
7609
10901
6000
2050
5346
11400
11215
5664
1378
7152
4365
8954
2923
7468
1413
11329
4893
239
10244
7973
11210
2905
6095
3179
7219
6821
6324
9042
4238
10704
813
514
3869
1015
8790
1293
641
1273
9752
3840
8262
3699
8624
5220
4566
5617
2657
6138
7225
526
8595
10864
7998
8873
10105
6675
9673
10754
9894
10352
3004
9181
10409
8414
5477
1806
8989
5595
3521
3641
10014
9893
4882
7124
7184
894
5916
2219
6292
3929
10922
3915
279
6323
10191
3303
2130
3287
9527
4681
6438
4172
3558
6743
872
2524
8342
11317
3227
6094
769
119
6566
2741
3941
6916
8496
7746
7697
3934
8732
7105
3240
8995
9861
2315
9233
6983
1244
8306
2349
3687
8938
7661
282
3161
8006
3135
11277
10022
11065
6042
9831
8947
1550
10167
5282
1669
2117
2118
10609
3690
7002
5126
1811
7476
6453
2111
5456
2780
8133
3156
7855
3224
10471
5885
4670
7022
4589
4111
4851
6031
3931
2609
8029
934
3798
8660
3743
11484
5735
7212
6025
1859
5983
8927
6195
8675
10396
10486
8360
6860
4619
8765
5869
7007
4874
237
5358
7728
1201
6993
2260
1435
3746
6851
7638
2121
7856
2906
7094
5608
8191
7653
5580
5732
5681
11287
6532
6213
10610
1376
1118
6786
9498
9806
5784
5460
2785
6997
9802
11542
8127
2113
5038
5533
3735
6456
2373
5926
11026
5663
10421
885
10976
7823
1248
8980
1348
8481
7858
4952
1327
2622
5637
8034
9830
10769
922
1190
9458
1221
6834
6150
10655
7118
3803
10103
5701
2725
6824
8026
10975
134
1323
11578
3365
9686
4390
5137
6345
9371
10909
8538
10622
3293
5489
544
10395
9526
7213
10604
6282
3072
2558
736
9989
10625
9008
4819
4642
4115
1731
467
538
1212
7763
5449
1771
11441
1128
8003
1096
11448
7317
10360
6110
6974
6262
998
9264
1674
5154
3921
11148
7404
10068
6899
10372
2487
10518
3466
3144
3445
2209
1346
5859
2635
6879
4646
4369
10093
10527
903
7849
3037
3938
9122
3409
819
10492
3621
529
3164
6459
4247
10423
8941
4850
1958
7574
7034
8545
3137
9493
9658
5306
3250
10548
203
10524
3039
5305
4958
3351
1620
5974
9792
10775
925
185
10309
10568
7451
6175
7794
8925
5665
918
3729
8128
8730
1987
6574
8722
2083
6729
8764
6910
6498
9286
384
1587
2440
5592
11164
8918
4240
1565
6011
3052
7393
2495
11232
52
6048
3123
1311
5972
5929
478
3818
8684
2361
3120
9769
11527
5968
7530
10129
4906
2044
3787
6200
919
10959
3996
3520
10868
10222
4460
4688
3698
6812
909
8533
5654
9805
7602
4307
1914
2964
4542
8891
7252
4990
10205
10736
5031
3669
6902
10348
343
9211
2039
158
1962
10809
2569
2658
6563
7130
6964
10476
4813
10292
5158
6190
4957
5392
1980
7182
3262
5028
3450
913
629
9933
3352
5993
6731
7399
8757
4954
4194
9160
9647
839
5352
7831
5632
6335
9135
6140
3678
8310
7395
2846
2721
9113
4987
5491
11170
10053
7147
9636
9165
3871
219
9543
876
6794
1432
11268
4131
11066
8493
10719
9801
6981
3879
1496
1844
10172
11073
4000
6016
10371
6950
5307
10933
8801
10241
6478
3403
10323
4918
6463
2567
4355
2604
2889
7620
961
1030
455
2119
1739
6072
4101
4744
2661
4342
7167
10045
7104
7887
3362
1266
10336
10111
2031
1833
1320
4317
7934
3060
411
7123
1042
335
1943
4707
8669
9501
438
536
689
8065
4391
9823
9535
5117
11186
1726
705
6137
7407
10969
2876
8888
451
4633
4903
2722
2188
4528
5777
5379
1462
10015
8612
2204
4808
435
265
4312
4894
1534
8318
11319
8718
5772
4748
8659
10582
11297
9186
5163
3399
67
6033
6131
5457
10370
5369
1213
1612
2816
10462
4260
11579
9854
6989
5894
7635
7630
10587
6867
5004
7454
4771
497
4033
4314
9319
4919
9417
4137
3928
1115
4129
9170
152
8522
757
10956
1495
8392
7187
11475
9657
5406
10029
2237
3331
1887
8046
1709
767
7277
884
7163
502
10773
2672
10459
8164
3085
1139
2782
5148
10324
8083
5450
7698
5344
11085
7592
3679
9587
1184
7584
8789
11107
10832
1635
7833
1390
7880
4842
10871
11553
410
10498
2551
6462
10418
8586
9434
10085
275
7915
11231
10174
11204
7826
4213
1377
4640
2403
9081
1379
3458
3442
108
2730
1659
4241
3515
10841
10254
7842
571
3720
11360
10654
4454
6276
2572
8270
10089
4374
10189
1839
4216
569
6447
649
2250
2138
5373
9352
5522
6570
2872
6953
485
6511
5640
7527
7080
11037
9872
3276
7424
3306
7192
9198
2947
2457
8332
6431
6667
4627
10642
9357
2705
6501
9625
1357
3506
11309
163
2157
9590
429
3909
10086
3067
136
5403
3307
2801
6915
8242
2908
9542
4135
11120
8508
6882
10678
9258
2306
6798
3606
5725
315
7988
5581
7218
2357
11574
3238
4496
4908
4375
2309
7050
2698
7835
1598
3965
3721
2437
9656
5037
11299
492
7796
3919
5690
2505
235
6279
4361
6924
6644
4114
9301
10732
10196
4788
5311
8885
4318
5124
1068
9955
2390
2145
10121
5508
7121
6348
444
9754
3480
2907
3066
9704
8171
7374
8484
7680
2608
5935
2165
7145
2695
3579
8824
960
3753
5791
600
11403
8771
3873
10075
5384
8788
6419
7650
4941
10854
10268
3543
7296
5090
4435
947
5686
8132
9294
6398
2943
5669
7308
3383
9163
3058
3040
4583
11458
9554
7279
6241
5300
2078
6745
6732
10859
3953
1762
2459
9303
2323
4849
1506
10355
7411
2095
10290
4895
9404
6069
8363
7759
699
1361
2993
11144
10962
7115
7409
1067
3274
5604
5201
1930
4916
5753
2920
8773
7081
7436
8340
10599
10636
7993
143
4480
3304
4149
3001
1150
4634
9565
6080
1474
6485
7875
9654
6440
4024
8993
6530
6435
10058
11258
6023
3807
2999
1074
4733
10930
4548
9388
7355
1448
9328
9230
623
9325
7200
678
9719
11199
5104
5927
7195
5728
212
3964
8442
9748
11433
7045
2535
37
1331
1159
10728
6976
5724
3549
10206
10661
1423
3599
8829
10067
2957
2585
5854
2527
4451
6638
4590
7675
3589
3514
8213
5814
9316
9342
2561
703
11571
3673
4018
1852
10791
1058
5250
7483
5256
11526
10894
4835
3333
3665
3772
1946
6315
567
1334
7048
7805
8878
6830
830
9035
7943
171
6232
1596
3960
7385
1746
895
9257
11363
1467
8967
8240
4753
2079
4053
4508
4251
479
10590
8297
5005
6172
2941
10575
5708
900
4023
11426
79
5517
8473
8534
7781
9751
5230
4392
7083
5955
8687
5605
5115
3526
2293
1035
8977
5641
6635
4575
2455
7445
3715
232
9300
4836
8084
8892
963
1353
1954
9800
5178
2893
11295
7403
10906
2534
8729
4710
6246
223
4041
5214
8809
1566
7714
5404
10141
10468
4732
3112
10519
6180
4471
6844
3867
9116
6300
5473
1779
6591
8475
7852
4609
5613
1439
3493
7434
8221
8692
4456
2692
10041
1044
10261
7036
3423
7559
698
749
1653
11222
4647
770
4925
10796
8766
11552
10756
8884
1994
873
2862
3838
160
9791
11371
6064
6479
9883
5227
3330
1039
9921
718
3498
8050
3570
8086
4043
9767
6553
8422
3827
2931
7660
3711
10084
10741
5143
11220
2528
7595
5068
390
8225
3159
345
2148
6673
9323
7979
10038
5793
6411
9103
1628
3400
1893
7894
264
734
3089
5631
3635
842
307
2289
9881
1970
863
5444
6896
10032
735
3486
389
3808
3463
7157
3114
11374
2978
6377
7368
7307
775
1986
9491
5598
7995
11129
9381
8016
955
9668
11267
10815
2468
7342
6210
8415
4790
4837
2073
3074
6134
7041
3768
945
3683
3727
6957
4798
2478
4054
3349
1083
1069
4357
2149
3165
9378
7065
4256
10581
3525
5678
11035
8067
936
3392
3782
10703
1433
3029
10972
8096
9066
3189
3999
10999
534
8531
7681
1129
10589
6414
5545
7467
6624
10666
154
5712
1568
10925
41
2226
1861
6960
4230
9272
6803
7694
5868
11205
977
1675
2408
8200
9246
9985
289
4446
10088
5808
11442
406
1318
8489
10533
8539
621
6735
10048
7425
2100
3516
1214
2793
6003
7837
10513
1663
4703
2252
11457
7300
4653
4674
5284
8870
5977
10315
10133
2473
5164
3018
6864
7843
2679
1577
8689
10659
10982
1773
4746
1832
3858
9366
7325
2847
4522
4677
4333
7185
4253
8430
7398
9787
3910
8129
8031
9418
2845
6653
1247
6811
6044
2831
2858
313
7513
9856
3436
4463
7216
8333
9843
4513
8025
2206
487
11226
527
6627
9149
8161
944
8194
1789
10345
4873
643
10686
4666
6125
4812
11496
8068
3897
5160
227
8391
8406
2070
9720
10723
1926
8840
10438
10917
3603
5539
7996
8785
2652
2655
750
807
5961
1584
4208
5375
1048
3797
205
9483
8975
8665
10648
2007
9504
959
10939
11549
6914
9402
4557
3992
9540
3036
8281
2471
1666
3828
2643
2974
7786
8763
9547
10
10793
4235
7992
105
3393
7591
11509
6331
6220
2115
9759
8189
1983
8936
1540
5819
716
9684
4285
4878
6092
2714
4103
10720
7847
3283
1524
4027
9915
11168
10201
11562
392
6054
8028
9343
11348
139
2080
1223
5557
1552
8223
5932
4549
3488
11188
3088
8871
7930
7132
2430
1591
4977
8118
8633
10210
1807
7341
6536
1394
7755
5387
5667
5523
9517
997
10335
5705
5594
4218
9069
1455
5455
1026
8564
11584
2883
6779
6163
340
6130
2629
1816
8842
11264
3588
9052
4270
7207
3499
9811
7986
9887
7732
3465
5562
8751
4349
182
9984
1719
328
6120
2795
10246
2678
7251
4193
664
923
10485
860
8584
5806
11008
8105
7377
5426
5089
1236
7751
7814
508
1454
1485
3539
10830
8887
5277
4606
5911
6850
7736
65
374
1768
9924
9362
8858
334
5786
7487
1905
2380
10509
3313
4082
11597
3010
125
9239
10887
3117
7556
11241
9571
10632
5254
8906
2248
6616
10060
4199
4304
7750
6529
4351
5285
9139
1252
5569
5584
9687
10051
5850
6619
10547
4177
5582
4384
4003
6636
10393
3723
4248
6193
168
298
9877
928
3886
10385
1126
395
3512
8082
7074
8073
7658
10895
1744
8167
5043
6551
2162
2442
5102
7335
9797
8302
5757
6212
1092
2064
4694
6101
11094
8981
7306
9056
8618
8156
1743
1698
9851
820
2316
5025
4959
4905
10952
9433
10842
7528
971
2383
4581
2825
1766
1389
8631
10358
10688
3595
7049
8069
7075
10869
1281
7761
3643
4679
1302
5626
3759
1335
1963
6194
9896
2640
10616
1296
10165
4543
724
115
10040
901
4346
9248
8517
8518
9506
1177
4061
3364
1907
4743
3346
9890
6637
1846
7533
5745
4749
10008
5768
10803
591
5567
11439
5694
3047
8868
740
9430
2222
10399
2582
9313
4267
4424
9120
9461
236
6886
848
2057
3401
645
3740
5320
980
9155
10702
5176
9307
1555
4565
850
4676
5463
5111
116
5748
6100
3343
11525
256
5483
11533
8758
9611
8987
5717
2790
792
7966
371
11543
7260
11126
549
10392
9365
2375
11243
9574
2195
8890
460
8057
10555
5340
697
11384
8159
6994
5108
1866
2707
4892
1732
2183
4167
815
9400
6141
2563
4419
3597
7153
10539
942
2759
6024
9867
899
6949
2065
5906
7885
5078
2963
8254
4597
3538
7369
5065
11138
5464
10185
555
6321
11228
9699
10107
4094
682
9231
8681
4430
10474
2950
488
2756
9327
8298
10109
2004
2867
3722
6515
9048
2647
7597
3724
9204
1623
9917
6349
11098
7827
2424
7378
1630
10750
5289
8250
1505
6701
7710
3015
10785
9477
243
6613
3150
7102
10330
6029
1876
7098
2265
6554
4727
5758
1888
8585
8295
946
1685
2449
5261
7974
28
4529
8349
9236
5458
6236
9177
10778
1627
5022
9471
9998
6053
7918
5943
2301
200
9939
10523
10992
10943
1143
8150
2544
6325
2382
9469
3173
4706
8410
3099
10837
6166
3636
5058
10862
732
10415
5788
10812
11467
233
7269
7646
8393
878
5879
3789
8151
10369
3574
5883
6098
8257
5636
5754
1777
4080
8650
2296
482
3546
6552
5622
10208
6326
1533
2861
7745
10128
8072
9126
6483
11247
7191
9640
9337
6846
7382
7063
791
2515
3077
5218
9832
670
53
3212
2205
2344
6672
3438
8162
3577
7669
5469
784
3985
10897
9137
3247
932
6507
11555
10317
3822
6473
6559
11281
5913
2603
5501
2340
2453
6413
3997
6293
367
379
3702
6306
1049
4656
5699
8897
988
4607
2041
8344
11272
10160
8313
6848
10797
1130
6270
9215
4104
6259
2174
9107
10076
7674
6904
5536
382
2294
7299
1917
8957
5601
4385
11180
8259
206
2035
644
4467
9626
4786
7766
2778
1694
8214
10142
1017
6755
5287
726
10439
9112
1925
1400
4612
8673
3602
6221
8558
3898
2494
6206
1215
2436
8226
4049
10200
6948
5275
5878
3794
10747
601
3314
3694
2634
8461
6369
5792
9740
2924
4821
4311
3983
6703
3495
4511
6063
8577
3471
11428
4245
8321
10899
1021
5131
9822
8413
3877
8137
3347
4214
10184
4586
1532
8233
11165
10502
6343
8001
10874
1176
10847
11092
4932
592
972
2359
1319
8485
144
776
729
989
11454
1521
3259
8052
8568
7159
9333
6266
1509
5210
1313
6365
9391
8201
9970
288
2490
5442
889
9173
8698
3100
341
1310
1617
969
2146
449
266
281
11517
3994
8411
2245
10137
6108
1468
7743
10529
6424
10643
10651
9017
5465
4978
10173
7448
1898
3861
6020
11440
10535
11224
3196
9089
11227
1853
5097
6944
4629
8219
7359
10300
1560
3831
1656
1537
8802
10061
7627
772
5588
4554
7150
3078
11161
1175
9347
6097
2037
2758
83
8826
9938
7129
6202
6215
7577
2171
5430
9601
1316
9930
4942
8199
9695
10291
11432
824
7211
10834
1007
3
6586
7057
3127
5166
8014
9860
100
11352
2590
5144
8195
8030
3398
9448
7834
6203
5186
2125
1602
8837
4917
3854
2739
10225
8457
11023
4421
5741
9862
3604
3728
7023
7780
5112
8494
10508
8849
4928
6849
7799
10310
8180
11197
60
3195
3467
11159
10860
4599
6736
5266
11364
10417
30
10472
10347
8525
1977
11436
6988
3474
1965
4488
1036
8019
3819
1969
11270
8323
8737
1172
3169
9734
9455
7360
11586
9821
1045
3942
7447
16
8492
9714
7259
9277
9456
11112
2032
7817
2325
6841
7210
843
8018
4806
1616
7190
7899
868
7947
6469
9416
6810
1100
611
7874
3626
5673
6900
4122
7532
5960
6484
6040
8146
9629
2230
10274
1778
7205
3385
8865
2521
4683
11013
6590
11086
6481
9777
3686
683
10695
10929
9958
10460
10017
8915
2358
5971
5639
6691
11082
962
3605
439
10146
11171
8797
5857
9655
1099
3615
7114
533
816
7406
3265
9158
7488
702
2991
733
8555
6060
11585
3014
9463
9290
556
690
2189
9676
4523
453
10368
5794
10097
7125
3701
4741
4811
216
9865
4880
9569
4483
1894
2027
2018
10475
10359
2420
7656
6017
1856
4294
3713
6179
4224
11230
9869
9205
2017
11489
10639
4128
6978
4722
2791
6885
11017
303
3573
2097
8040
4804
8738
8147
7956
7522
1025
8626
11310
6933
4340
1572
4442
3201
4014
964
11399
6869
2541
788
6032
7339
11347
5565
3974
10207
6564
5372
5216
951
1397
9950
6449
10849
6977
9634
6567
4087
4829
6712
90
6966
3555
9646
7937
10843
5122
4547
7873
6358
1396
1881
7800
10063
4399
3242
9946
8792
1828
2637
6046
5361
6307
3496
4659
10503
6139
7480
11342
2302
5169
222
3148
7100
9744
484
11223
9993
6541
7904
785
9879
993
11074
6963
8190
3951
6608
4287
8721
6739
639
356
8098
9940
10652
4855
5951
10158
7415
10757
1754
10202
981
6517
6897
4991
6862
10443
9926
1955
7061
1019
196
585
10078
339
2682
10923
7929
2763
11021
956
7298
8143
5548
6763
8910
6668
2246
7321
3203
5337
6565
9287
6654
9780
5689
5103
1161
8286
55
3138
754
1800
2103
1613
7069
9443
4667
5616
1260
3405
188
7631
3708
9265
7939
8364
7198
11131
6467
3396
6116
1992
3222
10665
2458
4615
694
9197
2937
4559
11591
1027
1055
7414
3592
6240
11614
9927
10588
8839
3388
7921
9151
6059
3119
1061
4524
5973
8487
102
7238
5151
1475
4123
4770
436
2292
10319
9363
7419
9697
1671
7096
8717
4081
5944
7350
7131
4922
9858
10267
9280
9727
1551
2517
6171
3057
10332
6112
5865
10125
7909
4993
1286
6652
2156
4450
2129
4963
3937
4205
7465
6105
9131
1149
2945
8174
9913
525
5796
3016
8465
5147
10806
2175
9339
8134
5217
5428
7170
6733
1735
2392
3111
6955
3079
5262
10629
2719
10984
354
11198
1219
1269
147
6689
8139
5211
10890
7097
10866
4568
3598
657
1188
1106
2564
2339
6696
11009
3053
8064
1101
5350
2331
7039
7876
7250
2287
5260
10442
7526
9762
624
3894
40
2326
10005
4348
1642
393
2796
4876
9099
1250
7623
4426
7968
4712
4266
4410
8061
9216
11590
3237
7581
1510
9278
11027
9692
4358
11004
530
8657
4682
10966
8744
10586
5418
1824
468
1526
5468
3800
11284
8811
7612
7486
4055
4973
10499
8091
4491
3484
2264
1359
1088
363
3083
8124
7020
6245
3563
9789
4292
11551
3545
5997
7797
2870
9262
5832
4436
9406
5299
7905
10477
419
10320
10853
1014
5526
8131
6379
8648
7896
3695
7889
10487
1871
6336
218
4432
7848
8208
10948
3419
3680
1995
1865
6858
9866
5087
6815
3522
7202
8063
11321
710
1757
5019
1076
2063
9054
4064
2330
8547
5329
2167
7290
1193
2961
5270
8610
8431
9022
6308
6655
4261
6160
11153
2930
9085
6327
3298
10446
11470
3826
3416
415
6067
1684
9030
3225
8750
3251
6721
9968
8800
7274
4452
5432
1937
3982
7417
626
6291
7816
3205
1451
193
10307
9549
5484
2667
1009
11468
