41
1107
434
1439
2716
1287
2461
155
3754
3193
4435
3377
2483
688
2519
569
275
4384
1367
4267
2598
2988
3004
1180
4861
2433
2153
460
1380
4883
45
1308
2765
466
2159
1067
3270
1573
3213
1233
3220
2370
4821
772
1702
3031
4310
4147
1038
4844
859
1052
96
2599
1761
1737
1281
3659
2168
3041
3083
2525
2457
3493
377
488
4195
4426
4799
878
2866
1953
4493
1776
1256
4137
4189
4665
78
4934
451
1652
4043
4140
1551
2073
1395
580
2699
1895
4955
4100
279
762
2577
38
3035
1036
609
1000
4369
2136
1330
4180
4810
1784
2157
4969
2757
3944
4759
3836
737
3072
1572
2146
1269
1201
4570
1377
4741
2225
4960
1858
2706
882
2409
2235
3223
334
2005
3807
4557
4385
3319
3464
3171
3613
3698
2450
237
1960
734
263
1786
895
793
3980
1426
4858
4733
114
4387
1757
3029
1271
4837
1587
4312
3545
4051
4378
2451
4984
3362
2660
2725
4585
677
2573
2891
246
669
530
2723
3470
712
2155
1314
2609
4631
2523
4813
1945
2612
3780
440
3889
4428
2526
4962
3420
1495
1028
4488
4072
2485
63
2630
4868
249
2406
1225
3496
156
2886
1854
2827
2127
2280
4047
4628
64
2484
3342
698
3881
2292
1248
4638
2253
940
1488
789
2814
3502
2917
644
4406
4867
3792
1007
3932
2707
3608
2857
489
4270
2983
1821
67
3532
3531
3161
2691
3614
1970
2356
3860
939
3854
917
3921
2491
834
3460
4092
551
4305
259
172
1565
795
2277
4850
3474
1620
4251
1841
2362
281
4587
982
369
3027
2535
1419
2067
4786
2677
1589
4096
807
781
500
2366
2553
3428
512
4231
4473
2663
4405
240
855
1087
2530
3211
4032
606
3579
1402
884
3504
4191
1516
153
222
1619
3652
3038
1479
2327
2148
2134
2743
4938
2089
3406
1206
1938
2610
4704
935
1069
635
478
2416
3625
1537
4209
2876
2906
48
897
3216
3680
3415
2955
3051
1090
3589
2131
4913
2132
3016
419
1720
4879
4415
3340
3555
294
2973
111
4050
2905
3511
3354
1258
2532
2889
3947
2793
2969
218
1912
2080
99
1859
131
2545
4648
3280
1889
4634
152
4343
3670
4495
396
2375
3906
4878
4160
3547
1122
1746
91
4528
1483
400
3491
401
1627
3457
541
2674
1008
31
1365
2783
1881
3850
2883
628
2338
1382
3927
4866
3102
184
912
2341
4847
3254
1697
4751
4120
2257
226
3904
3765
3202
1118
484
2807
4708
1114
3243
1013
1137
2937
2046
1411
3297
1135
3957
3649
579
1837
4852
2209
542
2399
4158
59
3483
3919
1341
1245
1556
2531
1521
2407
2123
2464
4533
4548
806
189
615
2986
3695
482
1109
1294
1127
1728
3164
4190
2919
1296
3120
2712
2546
4211
1284
2256
324
1220
4196
1148
1622
4566
177
2802
1990
1371
381
2506
835
3845
629
3515
799
4581
4661
3737
