679
4976
2087
661
3832
4373
3304
1888
4726
3460
357
4019
1435
31
2123
236
697
3899
2560
126
4545
2248
4367
3095
1869
4651
2933
2716
3052
4953
3800
292
2486
3276
2877
2599
568
4171
3565
4686
1931
4126
503
4701
2473
942
3907
1633
278
402
777
1331
1489
2218
92
2272
4643
3678
3515
3607
2516
4417
3384
472
1187
2472
2582
1086
1267
2047
4135
1776
3953
3203
4502
1864
225
1062
296
4669
1276
4848
218
145
3902
1998
78
1628
1249
12
3513
1219
3210
2108
3212
1624
1379
4601
3571
4389
996
2515
495
2381
2799
52
3039
4666
3411
2471
3007
4620
2876
3779
3811
4063
4876
3088
4158
3967
2033
2762
3165
961
4285
2618
2583
4962
3535
4091
4689
3351
4304
4857
3145
1858
3774
2692
2972
3696
4605
1598
1221
1054
3525
4356
4828
1635
3826
3833
3025
935
4272
4376
1853
2340
3586
1238
4536
4176
3908
4156
848
1822
3214
1643
392
3352
288
1467
3321
2725
2467
3020
3520
2556
316
4231
1060
2230
3066
3092
2654
648
2237
726
4296
2333
2335
3960
4792
1287
3725
1851
842
1447
4313
694
3202
3178
3034
4122
1459
3541
2549
2034
2466
4787
4589
3882
172
3004
1375
573
3875
2657
1018
4025
480
3782
2260
4818
3743
4516
3945
4747
2523
2124
973
2664
2386
430
2418
98
974
3638
3567
1421
3545
4730
3391
3680
1087
1578
2773
3621
1367
897
3472
2880
2013
4157
2889
4843
169
1549
963
2909
1788
3257
3371
4815
4073
3629
3035
4752
27
3718
4754
794
4201
1561
2032
2318
2506
108
4916
2297
2667
4668
4831
1575
1194
1251
3484
3232
1019
4366
2813
4714
420
2427
143
4919
1995
893
4387
2636
3633
3592
4648
1698
105
1264
3083
678
3631
1298
386
4539
2128
741
2057
1208
1064
3964
2482
1533
4778
397
507
4000
3985
4683
4294
1524
356
4846
3522
4853
4807
4266
3799
2805
686
3614
1495
4321
1125
4625
463
4629
4526
2815
2448
2082
4660
1055
3213
4784
3372
4512
3668
1509
3704
747
1899
3807
2836
4610
1015
729
3822
133
1274
2775
2961
1360
3691
2126
3558
3197
413
4766
1729
4774
3982
67
2252
4478
1601
3059
608
1191
4578
1856
226
1545
1168
1804
4888
2453
4003
2505
1048
3366
1247
2366
1779
4193
2991
4952
2597
1514
879
700
4647
150
3618
1121
4477
4763
3561
1029
1174
1154
2751
2992
1918
3661
139
837
4711
4300
1907
4800
1807
846
4275
2547
3984
1773
4250
4980
4309
1972
4404
4869
967
3305
4299
4382
2559
3403
2541
4945
3676
2730
2460
502
571
42
3494
2274
1315
1002
437
2984
3636
2973
922
565
2375
3958
928
3824
2454
4329
1077
635
4147
3130
4957
3726
3228
1027
1386
3531
4838
4639
3287
675
3260
4907
1766
4152
818
1646
4914
1973
2720
2070
1910
1065
985
2382
4811
2018
36
4098
594
4931
403
3547
3113
1600
1861
3698
1314
2337
4095
4783
3369
1850
1818
4383
4560
1690
443
3644
4717
4050
3354
1090
1485
3601
265
2445
1239
4227
4339
3836
20
1012
2109
887
2596
2925
4503
3049
320
457
337
1026
691
4232
4079
1741
2717
2398
3457
4438
1284
4897
4466
4255
1356
1726
2403
1047
2357
3133
1289
4873
1173
497
4190
4187
4765
4529
1516
3054
3620
4451
3954
4788
4884
3720
2835
1703
2897
4544
4859
2137
2410
4279
418
829
3224
3181
3194
478
1319
670
4585
1799
2279
2573
1550
562
393
2849
1126
1101
442
4566
1896
3741
2996
106
3841
1338
3750
2140
1416
4496
4342
1198
4736
1225
232
454
598
3312
4911
1337
3518
1512
4303
201
1285
902
178
1573
825
1184
474
3789
1402
279
343
720
4903
1163
3610
1852
3409
4433
2892
3550
2317
3600
4676
4615
2990
3
3556
4020
1928
2164
3247
45
2503
3951
843
1401
2475
4847
3557
2426
652
2496
4523
1372
1607
822
1123
1572
2065
1769
891
4346
3069
2554
4182
307
3174
1383
4520
954
2200
1172
4614
285
4262
4159
4449
1571
998
3947
1199
3370
1217
2676
1616
3886
3209
2937
3552
2459
3343
2893
2994
1155
4053
1440
4256
3430
4877
4093
3464
527
2130
4353
3579
2287
2190
2856
1424
2356
2313
1046
13
2900
558
4596
3376
2205
3329
1515
4007
2401
4599
1472
273
3190
4579
1826
4086
2985
3981
3934
1594
4386
2312
366
1297
809
2798
701
544
353
4118
4640
2965
2896
4441
2760
3176
1411
4432
2940
371
4661
3965
96
426
475
1904
1672
4604
2890
312
1234
2332
4047
1036
2704
3446
340
1094
228
2774
2464
1293
3147
3524
1487
216
2434
4984
3051
3229
1135
653
590
1462
3932
2622
2800
693
3399
1165
1245
2153
4088
2239
3970
3543
326
2056
3858
4528
2970
2682
3606
1222
477
2710
2316
970
1096
2278
3380
1898
1969
3263
1333
1755
308
1434
901
4933
4421
840
3617
3166
1505
1492
3027
2377
4849
4510
1478
3373
3307
4298
1091
3651
2363
3986
3125
4781
1181
2288
3554
3259
2060
514
3277
844
1666
3697
1044
146
185
3282
3220
110
1570
4291
819
3099
3740
1560
939
1400
1650
4021
517
2075
4288
4551
2002
1261
3962
3284
4764
3681
1521
1778
1935
509
2801
2042
3817
1950
4858
255
57
3913
2604
1164
2948
567
1445
3669
487
1104
4411
4534
3151
3526
2630
2407
217
3754
2844
2017
1237
3538
703
3141
2975
804
2397
3486
4447
2713
1793
1069
4368
4243
4391
4630
3685
1801
740
959
1921
813
4866
3974
4673
351
1987
4361
4929
364
4107
3485
2096
3770
1370
2105
1035
4465
246
3980
4428
4317
3345
2304
4921
4384
2161
1583
3082
1409
262
3650
2063
4617
335
1220
850
3098
3357
3445
3114
434
159
1156
2222
877
1451
4327
1363
4222
1611
2251
3924
227
3279
1070
4626
1797
2342
2479
4934
3318
4609
4297
3036
3200
4153
1730
4742
147
2828
1957
2259
3467
1711
3856
4124
2338
630
2551
554
792
4169
3739
561
2169
446
4678
3805
3619
2527
4284
2052
1558
923
953
3569
4481
662
1308
4479
4218
3731
1686
746
1619
2917
300
3508
2037
1534
1891
1604
2770
128
3103
2176
4785
2147
3408
2734
2764
2489
1257
1960
555
3548
4791
708
3615
4427
1654
3320
4170
3931
2478
1377
55
9
931
4242
2812
987
102
1252
3752
4345
4442
182
2172
2322
3060
607
3609
2323
3857
400
252
4509
4899
2062
448
294
4739
419
1780
3512
1001
3152
3009
4700
1530
3559
2643
2187
3769
3418
360
3072
4751
732
1841
2534
2792
94
1986
1395
1329
4363
3055
779
1909
1620
4155
3664
4316
2413
4459
4987
2580
4028
3177
3415
332
1302
2201
2562
612
1948
1343
4631
1978
2394
1641
153
3576
4652
3963
4795
4137
770
4806
3653
4827
4584
2854
3797
2621
2543
4729
1805
2039
910
3491
222
2814
1439
4286
3225
628
2858
3187
2103
578
1923
2852
3806
4400
3477
1662
830
77
460
2698
2526
2495
1720
1388
4749
1642
3413
1574
3235
739
1508
3487
1170
4463
3591
3616
4563
3830
1737
3422
617
3303
1743
2624
4592
281
715
2705
4099
4211
2143
247
4217
4013
2959
1585
4813
24
4499
4796
1305
1945
542
1944
3992
1111
3612
1458
4183
2804
2558
1456
3891
3546
2050
553
4616
4628
229
4136
4829
422
4235
4335
569
3916
3325
3302
3111
396
370
2763
2500
4908
452
47
836
2685
4573
4951
3184
835
1936
2408
1599
2695
1692
890
4602
3724
3359
54
4893
3067
4370
4500
1227
2795
3599
1772
1120
1045
2163
471
4902
669
2465
4797
3240
3136
127
2956
2785
2535
1557
2519
4983
347
1873
107
2076
377
1537
3470
4049
1009
4258
4195
2980
2393
2026
2974
786
4896
654
1842
4981
414
658
2860
3677
3474
1513
324
4939
32
295
2009
2572
2154
3719
2606
1226
2436
191
4772
4446
3514
2138
439
4399
604
3336
606
4234
3896
3897
2878
2456
4105
3274
3104
2982
2781
4439
4889
4679
4505
3432
3519
2021
2194
3972
4809
410
3734
4178
113
767
4909
546
2423
1051
3449
3385
1685
1862
2851
206
1488
3396
2229
2669
1596
4357
2049
3121
3570
993
3943
2030
4425
1215
4052
3093
4145
3071
1866
248
3381
2235
1715
144
1137
3816
251
3417
2212
1657
4210
109
820
1752
4773
2820
1193
2737
4131
4204
4810
469
2245
2843
609
2533
3094
4040
526
3429
2631
1119
2707
4586
4541
3364
2077
2906
3246
2946
2623
155
3584
209
1463
1412
1102
4209
2670
3107
4139
4485
2384
4515
4347
3749
2202
4191
2803
1449
3344
3001
1330
2165
3859
2637
211
1078
1532
3189
2250
3736
1236
4646
1644
1213
4422
3566
3813
3872
650
3975
906
4440
4185
4205
838
46
2470
2746
2613
2793
1681
3286
3451
2525
1652
65
4708
4495
643
4075
63
595
344
3395
3837
4408
3903
1483
3295
2886
1099
4054
125
4456
1627
1792
1273
4287
4663
2911
3555
1996
193
264
3594
4880
4229
4472
2758
2064
4377
369
3301
458
1962
3109
4076
4922
3466
1718
4506
570
4588
4239
2117
2291
2693
1976
3603
1547
4988
1493
3506
3884
1013
15
3084
2703
1592
977
991
1469
142
2942
2007
4326
623
2073
2753
2285
2594
2099
4674
3748
3573
3679
266
1977
1564
984
4721
2106
1610
2346
2644
4352
4216
333
3895
2943
3587
505
1394
3291
1399
757
4341
4252
3815
4587
709
379
2001
785
3218
3450
4307
3298
4508
2179
1295
640
384
2257
2271
3105
456
4895
533
2870
2826
378
1368
4723
3539
971
2645
4336
179
2196
4380
2353
315
3335
2853
4330
3243
2517
771
3483
4532
1354
2809
141
4031
2294
1109
349
4633
4613
305
876
3389
4927
148
515
4143
4822
1834
2697
2376
231
975
1504
2315
1410
1374
2331
2195
2615
4123
2324
3064
2899
2244
2321
2602
3812
149
2136
3293
2791
667
283
368
2233
1143
1933
304
2617
4593
1704
2930
4163
26
4435
1968
711
3840
3865
2262
2016
3775
4401
3140
4580
1381
745
4659
3208
589
119
3241
3529
3379
575
2170
367
2783
2139
1606
1431
2864
3919
2400
2141
1265
2502
375
4834
4775
1254
1906
3041
645
689
2449
1290
3406
795
4089
2600
1149
3443
4968
2368
2738
3160
4618
4969
498
81
401
2203
2390
1396
3510
4041
784
2901
4833
2359
4949
2729
1903
980
4240
4518
1500
3866
483
3161
1562
1992
1407
655
1162
4148
2540
342
3756
4233
4423
1930
1875
4127
2741
2681
3061
470
4035
2061
3998
1248
1256
1232
3505
4732
3498
409
3643
506
3124
4067
1747
2521
1831
348
2761
3950
28
925
525
428
1800
3237
82
4753
1546
4077
4948
4308
85
2045
4489
152
1683
687
4564
1159
3710
2689
1556
2255
4975
2771
4611
4719
969
4173
1879
2768
3310
1418
1460
2107
2432
2158
2095
760
1938
3388
4311
3076
4870
4018
2276
3045
858
4351
3746
2912
2442
2146
2971
2232
2159
2987
1145
582
2395
1398
3392
1457
781
3073
1765
140
1963
2256
699
3148
2656
2371
2709
2808
541
2964
4325
1829
4591
1736
245
2253
2834
1791
204
2177
2389
287
4203
2011
831
3407
4199
101
3625
21
4517
2653
2749
4096
4554
3266
3657
3459
3700
1722
3317
176
1874
2784
233
2806
1719
4768
398
4080
3801
3401
3582
2019
1429
1746
451
4223
4606
3440
1339
1762
540
3444
1824
4577
1868
1081
2679
1355
4965
1073
2810
798
1880
3146
3763
362
2842
1946
1142
4917
3871
1819
1212
3590
3170
2537
2926
2796
221
1404
1153
399
3598
1738
3062
1593
3117
1529
2678
3516
1952
534
3969
676
1520
2557
1050
1589
4017
3778
3410
2314
4894
3185
3167
1229
1053
3580
4935
382
3362
2952
1332
1913
3540
1684
585
4004
3656
2782
620
1233
267
2266
4431
3737
4290
4166
4305
2219
1670
2571
930
3156
812
2267
1095
4696
712
2837
455
2658
432
1306
1403
290
4048
4460
2348
3126
3942
936
2404
3290
4101
828
4492
181
3328
3889
4923
4728
198
4278
4036
4213
2649
3427
334
346
1033
518
2249
1318
4314
4179
1171
4497
2822
856
2731
2759
899
734
115
10
3627
2524
3239
3390
2111
2458
2867
3713
1990
4030
990
520
2425
2258
4798
3733
1661
3327
1387
260
3416
4277
1731
4293
2350
4548
2520
2424
302
2687
1878
1756
4830
3011
4388
321
3849
1653
892
4483
1426
4208
4789
2977
1648
989
35
722
33
1286
405
3211
2625
956
2300
1649
3397
4162
1613
1223
2208
4759
2544
957
277
2420
2879
1584
3479
160
1244
4161
4576
2113
962
934
2396
244
523
3273
4942
4854
2204
3935
4385
983
3400
4801
3096
1699
1088
1796
3946
3961
1552
1477
1203
881
3711
1103
3844
3234
1676
4841
3843
1576
404
3089
1975
1795
718
1609
3102
0
161
1630
4475
2024
3693
2988
1201
359
297
1999
4936
1291
4974
1455
3626
4014
121
1235
2931
1548
1420
3492
3640
1961
2149
3867
4100
473
4414
955
4078
3349
834
3199
1039
613
4622
3454
2373
3572
979
3777
1623
3564
3204
1872
3999
2921
3537
4863
3503
1415
234
4188
2014
758
972
601
2122
3231
1789
2480
657
3426
2512
4731
2660
4251
2726
2578
3823
3828
2328
2180
1299
799
4238
1405
310
3299
3868
2388
3316
1846
309
4424
3314
2497
2383
1106
3952
1579
920
435
1390
1678
338
728
3110
4381
556
2214
1664
988
3226
2184
3767
4312
3023
4129
3968
350
3929
3894
1656
501
1870
484
2786
4840
4109
3063
2079
2207
664
528
3583
733
3660
1479
2619
4085
572
660
4374
2684
263
3129
1071
4887
3639
2305
4220
2162
4194
4418
705
4174
727
2655
2787
1151
111
4125
2675
2243
1636
4761
2752
4744
2538
2936
1357
1634
958
394
551
1461
3881
4771
4225
4059
411
3927
3137
2461
1580
3521
937
70
2421
436
4755
2680
68
4713
2913
3047
2089
2392
3018
2127
4132
1131
537
796
4221
1675
4061
1028
3215
4057
2529
4337
2343
171
3008
4092
4011
2507
1113
1876
545
1637
677
1925
4892
914
238
3819
1345
3766
3050
4874
2240
3157
4607
3324
947
1559
3790
1352
2181
2888
4623
695
2074
2522
2642
1452
4081
30
3745
352
4707
1114
1803
1323
2226
1531
1837
1353
4437
4941
1364
29
4694
1209
4196
3909
4365
4260
4568
3475
4542
849
4448
1510
3509
3322
235
1008
2023
3272
3339
2484
3172
2228
4527
2192
1392
2548
202
949
2640
1764
4875
3029
2954
615
2379
3654
3504
3308
2978
4371
3058
4247
605
622
932
95
322
4280
1809
2611
2568
592
3015
1810
4961
4612
173
1408
3026
3368
275
2927
1959
4214
1010
1328
3469
4543
4090
2962
3405
3195
2296
3862
4005
807
2020
3207
1689
3502
2918
3914
4590
1728
3393
3038
4395
4257
4106
4519
2550
1311
926
744
2957
4930
3292
4002
3784
2210
2919
2193
1280
3468
2840
2712
3139
3768
725
4212
84
3169
3553
3723
1865
4306
1072
1833
2908
3959
164
4476
1214
4971
2004
4786
1385
4115
4745
1790
2265
1902
4102
917
3471
903
4177
2457
765
4172
2094
2046
1049
2610
341
208
3744
3887
453
882
4113
4310
476
884
2536
1288
424
3375
4844
4574
4403
274
4757
4165
298
4572
2387
950
755
2743
788
3780
4246
1777
707
3116
1523
1300
3014
2997
1638
2772
883
1602
549
2494
1160
4429
184
1775
1499
3987
4837
3216
1334
387
329
299
4928
1259
4269
3751
2902
1178
2485
2292
1680
3877
673
1981
1518
641
1581
3772
3206
1210
4378
431
1590
1312
865
919
4881
4637
793
376
134
3911
4814
1753
4946
1068
2688
388
137
2755
2097
4746
3701
681
4141
103
69
2638
223
1494
3635
3846
3674
2309
2264
415
997
3926
1141
3684
1428
1389
3244
2345
2299
1673
2422
2745
1682
647
2699
282
4546
1812
2067
4467
4457
868
14
945
2635
3786
3714
4793
1484
3798
4320
250
1605
646
3983
314
4331
3078
1133
4926
1522
1808
4
4715
2428
1744
2405
3892
2189
4575
2757
1294
1358
19
4069
1320
2928
3134
1115
3530
524
3878
1708
1140
2872
4710
2419
4142
395
3131
3527
385
2263
286
1934
4507
3597
3765
3425
530
946
3296
3578
339
373
3192
680
904
4494
964
1052
1496
336
3854
3042
194
174
4868
3448
1887
465
752
4956
3154
2576
1040
1625
3070
131
4675
249
4455
1787
1282
3271
4462
481
1671
3478
1030
878
1767
2821
1177
2221
4850
2447
4181
3920
2275
2616
2708
4562
2579
1924
522
3056
1097
624
1885
1346
994
2000
2003
3022
4826
2976
3075
1350
1917
1243
4839
618
845
4060
3346
810
4410
2873
3341
1419
4010
2588
2910
3138
1253
3900
2282
2950
3808
1758
3876
4445
2832
1241
1063
2939
3421
79
3219
1994
986
3628
4207
1161
177
3904
3361
3236
2995
293
738
4315
4821
2920
4634
3338
774
2686
3175
2756
1317
2672
303
4963
3347
3671
4594
671
2361
3013
3996
1749
461
1735
2022
2567
1838
2071
3258
1659
3802
4989
3221
3377
4561
1802
39
412
3159
3350
4074
2993
2101
3905
3702
1080
1845
1359
444
3002
1544
1474
2160
548
3123
637
2932
863
4375
4692
811
2224
3016
3917
763
2293
3791
1283
2142
557
2072
1587
1926
4644
2036
4430
2476
1905
723
3796
445
1956
196
4022
1189
464
3334
330
2728
154
1883
4851
3087
1713
869
3365
4119
2894
1437
2511
3810
1325
1665
4720
1206
2944
1786
2748
4581
1188
1615
4012
1542
3655
3402
2797
1748
2488
4565
1859
4709
64
3163
4224
4254
2035
4654
4454
44
2929
735
4977
1677
1955
2185
1180
43
3605
2236
2999
80
1262
1732
4955
2091
3925
365
2369
59
2144
2199
2115
1535
1889
4918
1309
3256
2402
2884
1453
4662
815
1971
2947
4905
1877
1195
753
230
3313
2590
1751
34
4547
2949
2029
1255
1890
1691
1218
2620
1651
4333
1555
2700
587
4302
3930
4641
3097
2367
511
2513
3874
743
854
3434
3046
666
4112
1823
3689
2825
4094
1631
1511
4740
2450
3869
3431
205
4598
4642
1622
331
1132
3033
2530
4189
3663
1709
4947
4982
3762
1128
4175
3589
599
3077
4750
1322
4044
3666
2015
3493
2922
2736
761
790
1567
2051
3101
4450
2411
4582
1721
2145
3435
1621
1989
721
4409
1336
4687
719
4940
1432
1304
1663
1639
272
776
2555
3683
4407
3162
468
4619
1480
2451
4226
224
894
4724
2789
4706
4064
1341
4913
4397
1482
3662
1970
3839
23
1025
2437
2811
1134
1436
4390
1827
1551
129
2724
2715
2885
4038
175
2416
4001
2307
1871
325
4068
114
532
2979
3168
683
3193
948
915
4635
2574
3079
2417
3155
372
3288
4167
3006
862
3311
4964
3080
354
736
3588
1543
1967
3428
2119
2487
4944
50
2044
2983
4406
2
3735
1528
1742
1951
1629
698
2213
3742
2845
3040
3280
75
3883
2632
3306
513
4084
2090
1832
1391
258
1954
3217
563
4259
1324
1092
1118
873
3017
355
1849
3003
4657
3331
4283
1444
4698
3106
4743
4029
559
3581
311
1004
4861
634
2652
3706
4820
3794
254
2355
944
2409
1108
4649
1597
4621
2310
4533
1468
2553
1349
1216
1503
2468
3473
1974
704
187
780
4328
4334
3888
3715
4436
2182
5
4015
611
4691
3153
2641
2986
280
1417
3915
1166
3275
1540
3000
4513
1014
1761
1781
867
167
2433
817
4805
3658
4780
3602
3692
4355
3990
2268
3196
702
407
2012
1932
3717
3533
880
603
560
220
2532
4735
593
2839
4958
90
4498
2663
4959
313
852
4130
2430
4550
4160
1465
3173
291
1919
1296
195
3057
2344
66
3081
3649
4398
259
2866
1277
1023
4323
203
4597
665
132
2830
2354
2178
696
72
1017
2290
2504
3326
952
3043
2592
358
3901
1020
1768
4338
207
93
4722
4842
2969
1470
4808
1830
2155
1825
2769
754
1127
4434
730
3254
1844
1863
3922
4504
2334
4712
4524
4549
2935
4570
1591
3423
2347
2735
3728
2850
4087
4394
4898
547
1798
3781
516
2508
3419
1854
3988
1150
1347
4569
885
3855
117
1085
3910
38
2058
2817
1563
3348
327
2907
1688
289
3641
1914
4627
1565
3845
1022
2227
2209
4322
3957
3353
4110
583
4845
4600
60
2483
4879
616
2098
999
3682
3182
713
1041
3971
2308
56
1679
61
1182
3142
3690
1893
2794
3248
1376
180
4769
659
1491
1695
99
2838
2665
2135
3771
2068
3523
1985
1855
4043
4471
2818
1179
4559
504
1327
4072
192
2168
4360
158
2733
2311
2564
1059
4282
3278
3289
2776
1185
1042
104
2215
3252
3340
581
2673
4263
4938
1701
1526
3686
1760
2118
3122
2231
6
4636
3358
2040
3264
494
668
270
449
1982
4973
1618
485
1536
2671
889
1538
814
2788
714
1082
1176
2104
4197
3024
1724
1136
2477
4150
1186
2874
1197
3037
4111
116
1362
1815
3420
3732
2362
1037
3848
4767
1
2633
3542
2509
538
58
3994
1702
2412
2846
2565
3944
3716
1668
3838
2626
4180
2054
256
3622
4891
2220
2706
2586
1005
797
3476
1867
2778
614
591
3852
4486
4954
806
4244
242
2498
1089
408
2370
3453
3948
1067
1272
17
4825
4924
656
4705
188
2351
479
4856
2865
3433
2848
2998
2440
2510
3993
2561
2006
1750
2088
1820
1527
1647
2431
2325
1566
1717
2191
2446
2238
1369
241
1382
2668
1828
2372
1739
1122
1983
2041
3532
2903
2284
2055
2031
3818
772
3342
3703
4522
2881
2824
2847
1167
4734
3687
2895
1074
1612
138
3853
2677
1441
1911
4803
2360
2968
789
2887
924
301
4794
3978
1816
2157
2648
1079
847
4886
596
156
1425
3940
3879
1414
1450
4514
4823
1608
3482
3242
3262
627
4324
821
4824
1814
2891
1980
1130
3893
748
1984
4672
3997
1192
3198
4230
41
1712
2898
4301
429
4741
584
2364
3463
490
1588
3764
4151
1307
2211
992
3355
3044
3730
898
40
2295
1835
3860
492
921
4702
4760
951
4860
1112
3458
759
1740
2651
803
4215
2298
3437
2577
2110
4664
3441
2151
4318
4469
2916
4832
2857
450
4540
3251
136
1475
4920
3090
2819
165
2059
3132
1860
3012
1727
737
3383
4790
3613
2365
3511
1886
3534
416
909
1901
3414
3086
2966
239
2666
791
1714
2539
2066
4862
519
597
112
4045
2443
3183
636
4149
1687
3265
3337
2661
2589
317
213
2951
2429
4733
3758
2415
4464
1501
2750
1011
1541
2414
1953
4032
1344
2086
1321
2493
566
4319
1811
2871
4484
4690
3864
960
3673
4114
4943
3332
3637
4658
2740
4120
1093
1371
3100
2882
2591
2702
1617
1117
839
3776
2132
4146
875
4350
4083
2501
3738
692
586
3394
918
3367
1138
3788
3465
2303
4066
3829
1361
1183
4680
550
1920
1464
685
1038
3918
1894
1895
1260
621
861
864
438
2923
4716
4164
684
4624
199
1378
801
1250
2463
2326
2462
4972
3795
4198
2802
1771
318
2330
833
2766
731
710
1326
3562
2133
2289
3188
1266
4108
1707
4738
4128
2807
510
3127
4392
3500
2934
751
724
866
3835
2339
1454
552
1658
2531
168
4490
2358
3912
4852
4274
3699
3831
633
3205
4023
2349
2722
489
1817
1107
4667
521
576
1840
1733
1782
4556
1335
2435
2575
3842
3560
1366
2584
816
1448
2399
4379
3412
3870
995
1897
1490
3645
886
851
1003
2989
4817
345
2175
1190
2261
243
1083
4097
927
3191
3885
1340
579
1466
1784
2148
1204
1442
3480
4184
4555
2634
4344
1292
4009
1373
91
782
981
2406
3624
3991
1084
1582
1043
219
512
2863
1110
2701
1056
4882
1481
900
276
2241
577
2152
827
1674
3171
976
51
2963
3574
2691
1301
2474
2197
4756
1725
1785
905
4202
406
3363
773
459
2038
1916
268
2941
3906
3792
4480
4062
2855
2134
629
1230
626
1231
1632
3820
4289
4270
916
380
3065
4117
1098
3694
3847
4248
4046
3442
62
4026
4071
261
3447
3119
529
11
500
978
1908
4688
602
135
328
4685
1413
1958
2609
122
4758
3880
1228
2905
2869
2868
3021
4055
2186
3382
2490
750
4271
1430
4900
1697
1912
1940
802
4364
3374
2690
2714
4703
4116
3158
3261
1211
3979
2112
4419
4006
1129
4412
941
2924
3937
4553
1595
4872
4140
3667
189
4348
2156
3499
1348
4033
965
1016
764
18
2955
3495
3144
2696
4799
2915
237
4538
3456
381
1553
4133
3149
539
3544
1076
97
3227
4878
4782
1147
826
4103
1032
4890
120
306
2150
2131
1997
2650
2025
1734
4253
3323
3253
3783
157
1705
4121
2352
1422
4402
4665
3386
3319
1393
3851
4488
3747
1224
2732
3201
3722
1310
257
323
2336
870
1942
4358
966
4276
3230
3688
4332
390
4138
2833
4655
1836
3709
3727
3611
1124
4236
1268
4966
1927
4855
508
212
929
3956
3825
4725
2302
4985
1757
4632
3708
2053
2120
1519
197
2593
3019
564
2779
4693
4836
73
1645
4070
1158
1202
2659
644
3729
1196
2438
3623
2569
3672
4867
4557
3120
2028
2754
214
488
3091
2938
1476
16
2216
4200
3648
2765
1965
3180
535
1471
4186
3804
2085
1006
4241
1988
361
4864
742
2646
2981
3481
3452
651
688
1723
907
190
1937
118
1603
4144
2223
574
3032
1539
1058
649
4268
682
857
3143
4501
808
4393
4770
4443
4777
2960
3632
2171
1242
3933
1000
491
3604
2102
859
3269
625
4671
89
1342
1640
3707
2121
4016
2499
4904
3496
4354
4261
4082
2247
2861
271
1303
3721
756
2945
3755
2603
4228
4473
186
3989
1745
4219
1754
4567
824
2280
427
2100
3501
3115
374
2005
1964
1770
4677
3404
48
3118
4134
2612
2329
912
2518
3595
2444
1843
3128
968
4027
3179
2273
2173
1554
2727
2254
4343
2116
1517
1710
2129
3890
4816
4493
4065
3665
769
1271
610
4396
3268
4452
2875
4420
3757
4042
1848
3245
1568
1433
2595
3074
4024
1569
2823
4684
462
2719
4273
672
766
1207
2166
3238
1116
3489
2281
3646
4595
4804
2605
2069
4525
1783
2629
1406
2167
3053
3249
3949
639
1281
2694
2080
3712
2721
3760
4603
4037
1626
2739
1146
2607
1966
1857
3670
2585
1696
3551
1278
4835
2816
3705
433
1446
4008
3250
440
1506
2378
2081
3936
3387
4682
4762
4937
2327
391
896
1694
2125
37
2566
632
2083
1949
2831
4967
1380
4413
4034
3834
1152
425
3955
3438
4718
1427
4812
762
940
4453
3647
3028
778
1175
1061
832
3941
1246
1066
3281
4695
4608
4267
4932
466
3821
87
1929
3085
3898
2723
3861
3966
2859
3517
3659
619
1507
1839
2084
3809
2545
417
3575
4349
4426
2374
982
1384
4458
3563
3378
3294
783
2319
631
4986
482
4558
2206
1706
2683
1313
2718
1258
1881
638
874
2301
3031
3255
1763
3164
4474
3787
3827
3863
2639
860
2093
1397
2829
4415
319
4915
1148
1900
2043
83
1240
2198
88
4058
4292
3585
1423
3048
2581
4727
1351
100
3455
3186
441
7
3333
2242
49
166
3938
3330
170
200
663
2967
1486
4697
1813
4670
1473
2225
130
499
3233
3528
4802
1200
4901
4819
717
4482
4681
4571
2217
1941
4468
3549
76
2674
4104
2114
3973
2953
3593
3285
4748
53
284
86
1270
3850
1275
4779
3223
1157
1693
4535
4039
3873
3939
1943
1892
2563
911
3977
3596
3630
2747
4531
4885
1774
2391
423
4056
1497
3814
2546
4530
4645
2455
3773
536
4369
4776
447
3356
1316
2269
3995
2528
1144
1100
1667
4653
1024
872
2270
841
805
2452
3921
1993
3424
4583
4871
2662
3150
4340
2608
4295
4865
4192
162
2744
2742
4265
2385
4925
1031
3005
1882
2780
3923
2598
775
853
253
1577
486
3976
2542
4521
3315
74
2283
4281
4656
2767
4970
1105
2601
1884
4416
4359
642
871
1939
2883
1263
4491
3436
855
2790
4470
768
383
2441
4906
215
3695
3112
690
1498
389
600
2092
467
4511
4704
4912
2027
4264
4638
3608
1660
2627
3309
421
823
2174
2008
716
1279
3488
240
4552
580
4737
706
4405
151
2570
2010
124
2904
3135
1007
1947
588
1669
3761
2827
3642
3536
1655
2320
4362
943
22
2628
2183
1443
4883
4206
1034
3462
8
2841
1614
933
123
4461
1269
163
888
2587
4650
496
2380
3270
1716
4487
2958
2277
3803
3297
4979
749
3360
2234
3507
2469
3068
2514
3267
71
210
3793
3785
913
4960
2048
1991
787
1847
2777
2491
1806
3222
4910
2614
2439
938
3753
1021
3675
1169
3577
2862
3568
4168
4537
4237
4245
3398
1922
3759
2341
1525
3652
269
1438
2078
531
1139
4249
493
4444
2492
2306
1979
3490
2286
3497
25
363
800
2914
1794
3634
1915
3283
2647
3928
4950
1075
3461
183
2481
4154
1759
1586
2552
674
3439
2246
3300
1205
4372
1365
2188
1057
1700
4978
895
908
4699
543
1502
2711
3010
3108
3030
1821
4051
