4180
2460
1947
316
1941
2659
628
4475
1435
4631
846
3599
1163
3993
4252
2905
1003
2331
982
1979
1551
2799
3846
4810
2745
562
3328
3325
2267
3135
3995
1728
1561
4007
4682
1606
589
1540
67
4338
4650
103
3992
2342
322
1954
2230
4278
3617
1831
3395
4460
2330
411
3227
1478
399
457
342
4763
2652
1066
2631
832
1397
4482
701
3238
743
3733
2376
911
4790
2780
1302
4658
1327
4764
792
1091
3087
1305
2963
577
1911
2247
4287
446
865
1008
4638
4293
1239
4629
4484
2728
2532
3935
3146
379
1222
309
662
387
4976
2887
1764
2911
3125
3263
2505
1281
2518
3070
2248
4452
4924
2281
987
3352
48
4138
3234
3244
4674
3034
4239
572
4065
263
4815
4456
2863
2597
534
152
968
1750
3723
722
350
4109
4437
4643
181
3732
2133
1452
1915
3763
3952
4681
4663
2237
1044
2221
1825
3922
2782
1273
2273
799
2746
1959
4714
531
3316
38
2562
1277
3688
3380
3314
4299
2976
4872
2654
4828
1026
4407
2424
3388
3351
3765
3556
4325
4922
4532
2751
139
1245
4649
1211
2417
443
601
4300
817
979
1857
1399
657
1477
1886
56
4685
3128
2349
1987
2926
3296
2076
2079
4397
1198
2245
1946
4666
3803
3080
47
229
25
3799
4617
2336
535
4599
89
559
2522
3840
2108
3464
106
452
148
4402
2726
2032
4939
3882
1636
3892
2451
1975
2011
853
639
2795
2276
4214
96
1934
3564
2941
1595
1967
2820
3528
871
201
2785
1317
695
4545
4809
3481
1668
1094
1482
3051
1005
4455
12
2967
4785
3554
419
4249
4524
2824
374
3762
3282
894
2329
1980
4130
4003
745
4501
1738
1078
352
3969
1068
2452
3577
713
767
4838
4469
2085
4952
4687
2737
1416
1167
2367
467
4458
1493
3129
4520
3726
3916
770
2138
4396
3493
4772
296
3857
318
4936
604
3081
2668
4578
4541
65
670
1751
66
2083
4747
1905
1806
19
2318
4888
4088
1413
4166
4141
1409
2045
247
4243
575
4707
4119
1921
1341
4767
3044
3812
3936
1855
1151
4722
2000
2118
2364
4187
3218
1631
1328
2638
1304
3131
2947
4001
1306
4719
999
3432
3585
2434
1936
4661
3022
4600
57
3290
188
343
433
4133
3500
4579
1860
1526
240
412
2884
3334
930
1564
2254
2284
421
1165
1410
570
1590
245
4606
4039
3924
459
996
788
3356
3353
1703
1337
1565
2163
1116
3592
4724
4923
1928
2867
4192
265
1939
2866
4324
4680
3471
3036
385
2895
915
206
660
671
953
20
4751
4932
622
1439
432
81
2801
1374
2910
4882
2155
1442
4060
3975
73
2738
4593
213
2357
4731
4977
4100
4902
4744
1491
2622
2292
759
236
3224
4025
1209
3991
2377
4964
3019
3288
2529
1662
2298
290
1982
4169
98
357
142
916
2554
1092
2748
429
149
2485
2579
1218
2739
1427
3822
4562
3823
4089
2993
3622
4833
1073
29
640
3770
618
4771
3041
4463
2829
3643
3343
1499
4012
2009
4215
3339
1715
2502
4521
4777
2450
116
1775
1444
3820
1667
1762
1733
4865
511
4058
1455
2236
2806
2508
1990
4404
4135
2992
3576
3595
2363
985
3260
1058
3789
2051
2445
2778
2304
1821
2265
3230
1083
3138
882
2768
4511
4897
1461
676
4510
576
2021
4453
1628
3978
3675
3193
4903
3937
1546
3856
2494
4709
2929
3579
91
3089
2167
2893
3382
4351
3252
1645
161
32
1166
128
667
2074
1282
4264
3113
1447
4009
606
4234
539
4227
4878
1910
4615
324
3027
1476
3844
2842
382
4375
2266
427
1351
2783
2382
4185
488
1655
3505
828
793
3660
3811
766
1147
3531
196
2583
4632
3055
2596
227
4420
4979
3566
1250
4837
3830
3605
4905
4808
872
3559
2533
442
496
15
3040
2940
2455
4225
398
2269
1713
3447
1518
4154
863
2055
3584
955
2110
547
3142
2633
869
3734
1513
4223
1850
4245
2951
2514
910
2556
3320
2853
2444
184
3502
413
1381
529
785
3674
416
641
4621
46
3121
1701
123
1768
4352
1046
83
2864
819
3462
1692
1289
2438
1017
4191
1085
4892
69
4551
1480
1315
3626
2671
494
2164
2366
367
914
2037
2791
3053
2790
1919
2291
2277
1506
4546
851
3535
1114
1649
4309
1015
3011
758
900
470
3345
837
2536
1864
3905
1436
2084
3964
2603
2200
2903
4422
3891
4024
1913
75
375
51
3075
2818
4110
2837
3755
3663
3753
4467
2641
3918
2779
3318
4598
2047
3110
4775
2286
2373
1827
4758
1992
4026
234
1140
109
3078
1388
1368
2353
961
3677
755
480
256
1998
4096
2736
4417
4317
4206
2588
1642
223
4376
3725
3716
2888
2125
1469
243
1718
3340
2423
4296
3866
4251
3779
4436
3485
4485
3235
1192
1354
3981
2535
2878
2817
4981
513
4398
2512
4839
3651
215
4267
3578
1297
2415
3309
2250
950
1732
1730
3428
381
3176
2975
2971
2700
4265
1193
891
4591
3813
4153
4879
563
1558
3565
2440
2950
1372
4803
424
3537
2195
3642
937
1204
4247
4202
4105
4627
1983
763
4912
4847
4262
2089
2391
2003
4612
697
2458
669
1112
2890
4063
1711
4909
58
3360
3490
2205
469
920
4713
949
3398
4710
1178
800
2362
1620
1809
786
3740
642
3405
4678
4824
1375
1267
1514
4087
1449
2919
2920
3468
3083
4032
477
2702
4256
1310
2479
2935
2658
867
2870
2714
3661
2550
3702
1448
4297
3337
3077
3915
2841
2468
1996
1794
1188
3722
3938
4691
1195
3338
3602
881
2816
4941
2396
549
2944
2123
2906
2894
4867
1441
3736
2188
749
2939
1190
2885
3658
870
1846
226
3292
3039
2016
1888
1487
931
2054
1685
4913
2927
750
2908
734
2794
3533
4965
1756
822
1657
3086
2159
4266
1219
3060
1863
4160
4481
2933
808
3173
1653
210
2958
4321
729
883
4212
3694
2008
3562
4441
2930
2587
2341
814
1984
141
2613
1709
3186
2491
284
1433
3581
1765
3222
4988
2120
4930
789
3370
1890
37
885
2425
3374
4573
3965
1064
4291
1191
444
4442
3744
3332
1737
4281
2979
4935
1529
242
1041
803
3977
2960
1347
2646
2139
2101
4490
1729
4344
1284
847
4784
4783
437
417
1679
1056
2729
4038
1210
4240
1377
1371
63
2943
4969
3349
2611
3085
423
1757
2307
2375
1817
3208
391
2541
4788
4197
4081
1527
781
3729
4473
2980
2258
3819
3845
3265
3627
4550
1335
4589
2705
2691
1570
2144
2019
3616
791
1832
1833
3483
1395
3168
104
908
3526
143
3909
2793
2527
3518
3277
4644
2670
3552
270
4552
2203
9
1849
2983
1124
454
4347
4595
3226
2521
923
3511
3111
4653
2948
4343
1336
4034
264
3479
1057
1369
4308
1532
2540
4019
341
4558
778
855
962
2612
2861
1952
1753
1943
168
2031
1573
3553
260
3895
3144
2989
1596
4583
1876
2129
4471
2117
2666
4018
2115
2537
2103
2743
4841
646
1815
4051
731
4178
4395
1903
2689
319
3122
1940
2661
3257
2080
2044
2636
744
2546
55
1472
2759
1002
2186
2149
2454
2822
4858
2323
219
4800
774
2222
3259
4253
1537
2715
2528
4987
1776
3510
1254
2827
283
1772
4514
2372
338
4104
1421
548
3406
704
1650
4925
2851
3551
100
