367
237
679
4128
2927
1182
3879
4855
729
3898
4593
2741
3923
3860
3462
3387
3127
1796
36
3017
3817
72
2509
2190
2860
4580
4121
4352
3202
1011
648
3660
4571
3585
216
1387
1901
4806
2684
4611
4196
4692
4826
1599
1861
1375
4151
3737
781
2423
4394
1419
562
1393
3349
3356
2006
1814
4001
500
3663
1759
3822
4666
3455
352
3903
1469
2757
584
2857
2685
3570
4275
371
4478
1048
3988
2876
4677
3100
3488
4289
418
2989
2941
844
2302
2462
4676
3020
1644
1457
1718
783
2634
2833
4894
2915
4189
3748
3893
749
3841
4081
4028
4512
4399
4747
3019
1701
3369
2424
1298
1870
2372
4000
2542
798
1269
4240
639
4003
4888
3288
1793
167
1708
837
1388
2836
1022
1153
3776
2925
4770
843
1126
3427
2491
3523
70
1826
2178
25
3274
4489
2468
4276
