1461
4145
454
2270
2743
179
1644
4534
4617
1195
4606
2035
3085
210
3902
1646
1068
3119
3039
432
382
2768
2188
1159
4780
4195
4337
474
4909
3098
3926
464
1562
57
3198
2534
2956
4788
1916
3779
2639
988
3642
4560
3847
4023
3804
565
4475
4324
205
4898
2193
326
4152
2797
4304
1444
4435
3089
1071
2589
2063
2170
2487
1328
4734
2013
2872
2163
4139
3067
2308
3022
4665
3770
2564
3224
2392
3045
2215
4892
3038
389
434
2727
2944
1164
3051
2667
2970
961
593
1897
702
84
659
4583
1169
3260
4584
2039
4711
138
2253
942
4622
1585
120
1524
876
4011
2863
2377
938
200
2628
469
4612
270
2459
2535
2980
3311
2976
4088
1424
4678
2715
4313
4642
3365
2619
3666
4544
3958
4172
1878
2900
3691
2440
705
3323
620
4986
3362
2138
3340
4875
2664
355
4243
3430
622
4010
3521
1327
4651
803
3681
3429
4923
4311
153
767
4038
4965
4401
3161
4511
995
77
901
2920
1137
3259
2697
100
2029
1241
4626
4672
4706
4507
2439
2384
4559
964
1032
1623
2824
4600
759
4661
3581
1403
2324
807
396
1892
231
2409
4896
4344
2226
488
1319
854
414
462
2374
4823
3033
2630
4281
1348
4368
4508
12
664
1387
3477
3499
2917
3780
1046
387
879
603
4451
3226
4501
2735
831
4616
3761
1862
4581
118
2055
2202
2707
1758
4524
4988
2155
2178
2247
4539
1935
3372
3251
3535
3438
336
1921
4713
4941
4489
4166
1024
4154
4424
1715
3153
2032
2877
3492
4695
1138
1611
4325
3439
749
2190
2838
2658
1851
3514
3034
3413
2196
500
2550
4244
2164
2499
119
3298
1920
67
4915
1511
303
2052
1613
975
2356
1476
1521
3313
4760
1491
2645
1217
2281
20
2085
4142
4090
932
2649
4299
2714
353
3908
1684
1734
254
4217
3011
3676
110
3935
81
591
4430
2147
3904
1856
4033
3343
4151
1695
1991
181
3823
4340
184
3495
672
45
2730
3014
3263
4338
1951
3830
2897
4135
2092
46
3712
1588
2672
1034
2907
2965
1607
2360
3878
1484
2498
2638
730
872
3843
4527
4328
2232
1458
2883
1583
2636
2497
2563
2541
233
1265
2276
197
3491
1440
1354
516
2012
1129
4566
2438
2951
3930
4885
79
4115
1790
2290
2952
2885
3370
4372
4934
115
3534
2376
2491
3826
3333
913
3223
3265
4757
4969
3565
4551
1273
1099
4161
618
1827
2245
2522
4741
1994
2969
3380
2569
315
1900
3655
4245
331
4805
1602
1895
4690
637
893
4362
573
4548
3186
1036
412
1134
3137
4084
1322
3760
443
4698
1047
2604
3952
1280
1977
4242
3808
2192
1596
2747
4168
4258
2919
143
692
2239
3710
684
3985
3735
1655
716
4943
4840
2136
4264
3890
808
3351
1318
1786
3069
4777
440
4641
2578
3532
2581
3270
4309
2058
957
2068
3806
4830
556
2393
903
2537
3627
4255
1114
3692
3422
2167
1992
2152
2608
3802
4394
1184
3545
2793
139
2615
2179
855
673
3484
242
2300
4095
4492
2153
2560
221
225
1725
1805
1934
3177
4070
675
3747
156
2693
809
345
2696
4289
3972
3694
3990
4204
196
1270
1764
4296
1831
3488
445
2097
3797
3473
798
2945
1761
4283
4269
2323
49
306
2434
1
587
281
4881
1820
3673
165
686
4956
563
1952
4959
4750
697
2613
751
4608
3094
4975
4793
2130
1973
1240
4784
3489
3737
3722
2901
984
1096
4157
934
782
2292
1713
655
140
3653
2767
4729
3675
1305
1359
361
2313
4061
4722
4585
1060
4649
1012
102
1466
385
1208
2399
830
1385
933
3560
48
4320
1510
1423
4447
4634
2435
3273
1210
2510
4233
63
2964
965
1791
4134
2775
4873
709
1155
1874
937
2336
805
4700
4294
2312
1632
2669
404
1494
4205
1534
2363
1480
2339
1083
1488
689
1493
4416
4623
4611
163
3573
1435
3828
2837
2141
3284
3798
1045
769
3100
512
4914
4826
963
2284
790
3903
4067
3566
429
1622
3244
509
3306
214
1817
2400
2208
983
2194
1753
4652
922
3829
4701
3423
4026
2482
1407
3850
2825
1802
19
4769
3677
1052
3126
274
3693
15
1334
1693
3453
4631
311
328
4414
747
3450
690
2876
2283
3229
4303
341
4387
2302
3631
2341
3609
319
2364
4925
17
2760
1163
3817
3533
4800
4065
727
985
1591
476
3622
2038
4964
2206
3418
1299
4878
2981
4002
1754
4516
4710
839
3005
951
3893
2315
3452
3527
3321
3605
4638
510
3391
3529
1022
793
4437
302
1793
1181
1672
4249
2053
3496
2529
2914
3091
2082
1765
1479
3185
3596
3409
4707
4692
4044
1492
3969
1154
4731
2417
742
1165
222
3389
1533
1413
2156
4069
1244
3079
1995
4776
2906
3912
4709
2456
199
2472
2160
4178
121
2627
1429
1249
1339
861
883
3479
1701
2008
3237
3880
648
503
3032
884
4500
4815
461
3785
408
3997
1214
64
285
1465
1832
2021
818
4389
1411
2197
113
1170
2233
1008
1127
2888
1357
4568
947
4208
2048
1248
3344
924
1325
1367
2422
746
800
4465
3416
1736
4852
787
4876
3516
1876
1151
2580
3238
817
1502
300
786
4423
2432
4751
2792
1698
4673
3002
3854
3651
1528
2675
2421
3173
1971
814
717
2329
2827
4441
2412
3896
3665
733
487
1213
1392
3476
3342
3548
2171
3600
1056
1042
1875
4770
91
631
3282
343
1402
4327
1260
827
1389
2078
4060
207
969
2806
3946
3325
4575
4247
250
4778
521
4440
59
1653
504
548
1927
956
3180
1414
2209
375
3195
4230
3256
939
3261
4280
4330
3158
4684
103
2293
3245
3900
2699
428
4197
2552
1262
4633
3686
241
2514
2840
272
1987
3210
1722
219
4578
3026
2372
4582
2703
3563
3660
3589
245
1123
2633
2495
4459
372
1893
3393
95
4845
3366
4240
2641
130
2846
848
294
4758
340
3883
252
3786
2576
1255
26
3108
2217
2383
2240
3441
215
1225
1686
3383
3834
4342
4666
379
4571
3402
1917
4112
3928
108
857
3820
188
1000
4179
3551
4963
1557
4428
4811
3836
796
4148
4636
2350
719
292
1315
3772
2275
2110
4462
3299
852
890
616
4670
2346
1311
1747
4442
3480
4158
3717
1405
4656
605
346
3307
1568
3504
2005
1799
4533
1925
1864
4331
3203
3794
1515
1811
2041
4973
1386
3853
2778
1464
277
4305
1828
3688
2418
533
4275
1496
1530
3084
4092
2489
1179
617
558
4523
1565
318
1038
1931
1582
4461
2273
3451
1962
4916
828
3650
4658
3511
905
388
2180
1006
2878
1738
4871
2142
4579
542
1035
553
1614
3864
1308
3035
29
3145
1228
4856
2940
1337
4412
1057
3860
4439
42
1141
1569
647
1839
4079
2688
2611
3464
1979
3949
4388
2001
256
3698
4063
465
1261
1807
2882
3979
2079
2442
4745
2125
4474
4369
373
4347
4383
3401
459
960
3426
1498
1796
1363
3117
2334
3789
4569
1559
269
3927
2665
3234
1589
295
4804
3475
4097
1680
3623
867
1852
170
4728
4410
3021
2311
3113
1526
681
1661
1286
1728
2352
3443
843
3645
2016
816
3536
4129
4939
1990
3136
3081
1774
986
2132
545
2694
1879
1696
1288
4071
317
3508
1941
3558
4111
1236
4319
1700
4872
3225
874
1115
2677
124
1784
4100
4940
3406
228
3296
2912
3844
4262
4687
4180
4822
2896
2599
4159
3595
3917
1474
1930
2679
2466
1193
3646
2367
71
2938
2875
4546
4924
3891
168
2100
58
4391
4937
4116
1867
3895
2064
4287
2961
410
299
3327
3568
1652
3684
1130
312
4444
1586
1321
4456
253
4367
2960
4278
4253
2185
3324
666
667
69
2918
1961
7
4705
4317
4686
2763
595
368
1421
3130
3102
3017
652
3866
10
3397
4363
4260
2673
1080
78
795
527
3431
2623
3465
2107
660
2272
74
4594
1984
3419
3008
970
4983
758
2371
2244
1575
1206
3175
1547
1007
134
286
2779
1697
2959
4432
4735
1018
4764
4027
4537
4985
1106
3218
2168
1229
3833
1102
4422
3559
2798
925
3799
4768
3178
1431
4596
2547
3822
2191
4589
2007
2744
560
72
3667
4980
287
4125
3821
2899
1447
1076
756
4117
4957
1281
3392
3981
4029
1785
2597
4140
877
2746
3941
3478
3262
4332
4310
936
2243
3907
2238
2570
2963
1390
288
111
4574
4868
4535
4181
3417
892
4477
3963
3232
2503
4425
2542
2332
551
4556
251
3461
421
723
3697
1489
4946
3118
187
1616
2121
4664
882
4795
3290
4390
2492
4064
4603
3364
2447
4967
1945
1473
880
2567
658
2216
3253
4835
2011
528
1670
470
4167
4849
400
2269
1199
4273
2483
2984
3012
2726
2538
2691
1162
4842
2022
202
724
1061
3971
2955
4482
678
2971
3723
1519
832
853
3124
1657
1740
2204
61
1212
1125
2572
1433
3727
85
4000
3016
3434
384
142
2337
3042
4209
2977
40
3976
941
4020
592
88
4810
775
1470
946
2943
3408
2457
1412
785
3842
3996
743
835
3331
239
333
4355
2528
1762
3024
164
640
3973
2183
2448
3766
2034
1139
4532
3840
3294
329
1889
457
1718
1711
955
278
3800
2354
1463
3611
914
4177
950
4839
2717
125
4931
65
3235
4847
4629
2045
3207
4893
4738
847
2030
849
4618
766
4124
1702
2020
38
3510
211
1904
619
2936
2621
3280
1452
3937
4471
1938
2351
856
3252
1706
446
2330
2490
2629
2505
2042
4718
3131
3433
1131
334
3682
776
1744
3080
781
1845
177
4263
3448
3898
2379
1865
298
4704
2248
2736
3841
3992
1384
2128
594
2926
3550
4984
3643
3849
577
574
1490
2990
1048
338
4021
2978
4727
4613
1741
2524
175
777
1869
1218
3449
3547
4865
3923
3889
523
1176
4163
3373
3795
2810
4426
4746
1066
183
2758
4645
4036
1834
4265
636
1884
4824
144
2467
4807
3414
4762
2506
3977
4165
1020
722
1662
2713
3714
1512
4277
4024
4599
958
4624
1654
3683
3970
4978
43
3632
2316
2515
4619
4828
109
2373
1627
2540
2933
3987
2390
2654
1637
3375
671
4752
3230
1896
4001
2916
4464
3846
2513
3725
3070
2536
1760
726
959
3164
4518
1731
3188
3959
3965
