3050
2408
3350
4895
238
1270
1194
3204
1717
3101
3280
4937
4551
4987
4441
3964
298
3711
3734
1034
4568
1450
2757
485
4232
2253
4653
2118
3699
380
3871
2771
882
52
3891
3778
1961
1440
4623
3170
431
4764
1485
2463
4637
3305
4265
869
3379
2807
4790
3408
205
4035
1592
1377
376
1506
4396
839
4593
1710
1137
1864
3220
335
4591
4219
1878
768
1372
1385
4493
1769
1603
4286
940
1623
3829
2610
4116
893
2334
4334
505
2466
3689
3907
1303
1954
3443
2418
673
797
1256
2589
1977
1910
4512
3003
4554
1308
542
1031
3888
2339
1456
409
294
762
4010
4244
925
2209
618
2859
2141
3324
4931
37
3594
2111
2939
1
920
4634
4238
752
4103
895
3111
1084
4955
4676
71
3046
4157
3868
1883
4985
1173
534
1810
3418
4362
466
1016
1664
885
592
3109
934
4607
74
2082
4949
4795
3442
816
3284
476
3332
4076
4211
1639
4532
4723
1915
2704
4934
4626
2259
4153
2758
2465
976
59
981
228
4479
3925
2942
3455
410
645
4786
23
1279
679
826
1145
1903
4564
474
814
3203
4395
3526
4561
