4093
3291
3933
1693
3729
3001
1807
956
4167
2229
2288
28
3750
3647
1108
2093
1232
4424
173
1879
2012
4030
3541
4867
1785
592
2609
2366
2520
671
1914
1996
4280
4103
1736
3899
4520
69
2962
4078
1324
3088
2334
2139
3131
4194
1513
4776
3053
1038
4347
2559
2239
3479
1379
1613
3017
1587
4260
386
2918
4672
4772
2118
2054
4489
3825
2126
3915
3901
1007
3511
3085
2582
602
1429
2810
1534
427
2240
3112
4174
3362
4041
610
3374
37
3308
3819
726
10
3852
1748
499
1118
3675
3890
4491
2611
4575
4199
4371
1586
1900
286
578
1479
4924
4510
985
1217
4564
2256
532
498
2558
4158
3653
4148
3944
4397
2504
4845
4934
3871
640
612
2065
1717
4958
4951
3687
180
3823
4633
800
144
3064
568
2711
1206
4288
4313
971
31
4061
3279
164
4652
12
4838
3129
698
4785
4261
2724
1539
4163
474
4879
3470
2957
2193
4004
1122
1072
275
216
3793
3732
1558
1827
4162
1029
4351
4434
1694
811
1596
3045
3938
4898
2433
710
1316
2202
186
4663
843
2829
2294
3178
4387
1951
1066
3633
3516
23
4486
174
494
3014
964
1278
2920
43
1023
791
4541
4446
1394
945
517
3103
4138
3982
1319
2909
422
1812
106
2557
3377
1242
1466
4658
758
414
2195
787
3703
1109
1926
1233
4946
670
4626
3471
3241
3084
146
1092
2624
3950
3434
1176
824
823
3031
2650
3849
836
1884
16
3965
4911
1095
245
3247
4968
3751
1734
1337
3649
4669
4426
315
3984
2888
2622
863
841
1221
4303
3743
2135
4039
4791
1565
3003
3827
1853
377
4905
1915
1941
2359
1551
2166
1352
3997
1901
2225
3756
1929
1210
2835
1083
475
1152
907
2543
1536
4235
675
1848
4066
402
3784
2260
2424
3253
1290
140
842
3801
3139
644
2129
2319
2163
4209
1456
3324
893
1872
571
822
1225
256
3321
4484
2781
201
1556
4212
4506
342
2645
1907
3184
196
308
1793
2578
4868
1016
813
573
3974
4502
1223
4304
374
1658
2143
347
234
2159
2552
4952
1800
2732
4583
2826
2828
1543
1857
1156
1141
932
3587
1584
4170
3177
32
1758
3492
906
1303
274
1339
3856
2231
260
1340
1972
525
1297
2099
2568
4273
3870
4160
2295
3598
661
2887
1562
685
2266
1775
4631
3528
2915
775
4507
2696
605
2532
287
3458
3891
4625
2133
559
181
1869
465
257
2119
171
2870
1709
3695
4431
991
4376
2328
2737
953
202
3175
1484
1262
4893
1825
533
884
360
115
3638
2891
705
3150
2902
1730
4860
1143
331
2809
730
1200
312
4079
4152
2743
2416
1612
2034
3326
3372
3450
1524
4091
638
4920
2830
585
4538
113
3284
4295
3990
4889
3590
4696
4822
1255
4352
1690
682
2719
4923
4215
1125
4671
2211
3349
1062
1470
1265
4693
4421
139
3237
1460
163
2150
937
195
3300
3233
220
1623
4854
3969
4853
2629
992
266
4683
166
2935
428
1277
2081
4321
3720
3564
1627
1190
1185
631
3390
138
3773
355
4798
4092
4333
229
1745
915
1257
4700
2220
1954
4982
1227
391
277
4570
3644
1582
2383
1133
1009
697
3395
1682
4919
3265
2132
3077
2941
3067
3205
1667
2816
263
296
3537
1497
4314
3897
2112
2072
1975
770
519
736
3508
227
4636
4109
2402
3713
4681
2184
1187
4666
709
4606
1692
1256
3617
3133
1544
3816
4915
2605
2127
4763
853
623
3157
2257
2352
2312
657
3639
3680
1310
4155
4938
831
4117
2169
4819
862
3192
208
3228
453
2450
607
3975
708
3231
3797
1275
1465
383
2659
1962
760
1698
2995
1333
477
3921
1091
3248
1571
4227
4019
84
878
2517
4171
3945
2862
3266
3102
1247
4539
2789
4765
1532
250
302
1050
1208
2656
4244
1566
2721
3848
3988
662
1481
252
3080
4543
1947
62
3070
2644
3835
814
2298
3749
3526
2214
1077
3895
950
1450
352
3055
3339
2421
4892
2325
2561
52
2114
1389
4493
3872
600
1437
2996
796
4222
431
4783
4940
3664
4779
3861
1031
3297
2395
701
875
2881
1
3095
2190
4120
626
2734
3999
948
3576
2841
3815
242
886
228
2703
1317
4086
4728
4667
2237
4224
4910
1505
4247
1576
1121
3468
4468
4045
3383
2963
3081
189
597
2091
4863
1487
1253
1058
4890
924
3341
2321
970
4676
3622
2534
2943
716
1028
279
1594
3685
3181
861
1762
3433
4612
4875
2341
3546
3042
3624
1442
3290
4532
191
2116
2651
4124
2969
4881
3327
108
4211
544
1365
1987
2894
445
510
3212
1804
926
2332
753
4294
1640
4217
2550
3234
3722
933
3707
2634
608
1172
2343
1041
4338
3896
3662
3398
4254
3665
1387
4071
3108
3874
415
3117
34
1336
3931
4445
1519
3219
4627
4797
4284
2852
1355
454
3489
435
723
1055
3834
1813
882
812
4856
2853
4988
2083
3520
4855
2178
3690
2254
2357
3538
832
4989
4548
3939
2151
3549
3296
2643
4477
3417
3855
1334
2855
3068
2958
25
4159
4188
1684
3735
1419
925
4334
3501
3331
3937
687
1385
1294
3481
4435
3330
4115
609
4825
323
4496
830
1426
4705
2727
4673
2536
3027
4826
4051
2806
2307
1913
1537
2296
1315
248
1377
1236
2124
2922
4900
316
4887
3159
3275
1581
3737
2335
2542
719
1434
4198
4395
3137
3535
2158
97
4191
4796
328
806
2451
1909
655
3195
4832
2106
2787
2448
4740
2792
4686
2204
4842
2000
2045
3427
1500
4701
1845
745
4430
3221
467
3669
460
49
2538
1792
3509
2630
2393
3657
209
3286
1216
4012
433
4602
1348
4423
4402
2061
4559
2861
3502
246
2446
1367
2750
3655
500
1661
1089
3862
3523
3375
4328
1590
3086
530
3049
922
2102
2913
4204
1049
2602
288
3343
3601
4150
1575
3089
95
817
584
4597
3942
4022
1635
2718
3056
3440
4777
1861
231
4560
826
4472
1213
852
2903
4871
2293
3333
2125
3681
3510
2591
4526
4930
389
3227
390
292
854
795
66
2677
2900
4100
918
4603
845
653
4054
1251
1535
2621
4727
4835
952
3968
3057
3494
4786
1510
2253
2141
300
1978
329
4470
4957
718
1882
2575
763
4216
3570
1657
3155
3712
725
3799
2252
1553
2691
3214
505
4411
1168
299
2429
3099
4536
527
3258
77
514
887
213
3363
1540
2612
4322
1961
3846
4689
1000
3428
4545
4770
1191
4394
1323
2063
3976
4433
7
3127
4656
759
1918
3812
301
1937
2249
4272
1989
566
3203
4132
1181
496
2105
2521
2368
2011
4018
1030
3936
4219
4083
1078
4963
1045
4069
2510
649
2683
1169
492
2314
1753
789
3277
2614
4608
2929
4865
2895
784
2739
557
4190
1308
4902
3542
3329
4104
4590
4971
1002
2597
3021
1609
3568
1843
905
120
1509
1202
479
1629
4970
4492
4368
2997
3880
3610
982
4317
2671
4357
2682
1461
4098
3892
4354
450
88
298
2551
1441
1138
3672
1080
217
75
1702
1683
1330
1194
3018
3026
807
656
3013
2742
2468
408
766
70
3858
1521
4301
539
1353
1024
2465
4125
1703
1105
1560
3600
2113
4984
4050
2500
1608
2777
1619
1755
2749
4007
3426
3441
6
4831
4479
2400
3740
1439
934
82
457
3314
4200
4074
493
1151
3832
888
3357
309
3724
322
2540
397
3626
3435
2596
1898
896
4732
3295
1070
1183
2938
866
1678
3513
1985
2767
4008
4801
2444
2130
4794
4567
3788
2043
3658
4056
4237
2137
3325
1834
1424
1669
927
4869
1602
341
2581
913
4745
3364
19
1349
3585
3754
489
4535
3497
36
4857
1600
1567
681
4379
4554
51
3702
345
3365
2404
1268
1902
3311
4500
2639
1258
740
2695
1014
1245
3679
4453
4119
2865
2223
712
3894
4531
4706
2170
513
2212
1945
765
1298
2401
2432
1969
2196
3075
2839
1493
2171
2603
247
3536
1307
2324
2667
4053
2977
2374
3454
396
3924
3686
2858
3336
3556
969
4386
2153
2078
3748
3689
2863
943
1177
3807
1302
1448
4616
2625
1674
4182
3438
912
3599
4593
3185
619
188
447
965
175
224
892
3805
3382
339
2960
56
2103
237
411
1228
280
3174
1728
4586
4690
3885
137
576
1616
1624
472
4107
2023
3721
555
4717
1955
1184
751
2661
1467
2506
3604
359
968
3430
3385
46
4112
4904
1260
820
461
3092
1795
4877
4721
3506
739
4469
4116
3716
2836
3171
4632
4110
4962
4534
2086
255
3613
3332
96
1335
4462
2824
3808
4833
484
2165
253
350
2094
827
4715
2286
61
3148
580
4362
674
314
4955
4576
688
1525
1414
2027
972
794
3883
148
3101
995
30
1842
4169
564
582
3073
2483
38
1816
4648
20
4346
1554
1364
126
4154
4830
1171
1235
4501
3558
3547
4950
2985
2028
1211
3693
2482
98
4969
652
3731
3495
1789
940
4945
267
2213
1361
1026
2641
2128
2910
593
552
2227
4761
4550
4405
1881
4883
1325
2699
1589
2672
3978
346
4414
4319
2919
2441
834
2248
2564
4630
3704
3043
150
2017
2573
1729
3621
3736
4277
4749
2925
3742
1942
1511
1905
4099
1839
2794
2601
4232
194
4691
3775
871
3840
2232
2002
3457
4220
3154
4933
1248
4342
2378
4954
1154
3607
4005
3461
2386
2764
3411
518
1060
1421
4283
587
4377
3153
2243
4234
2704
206
3261
3488
526
2947
979
154
2992
4726
4466
451
324
1059
1970
2279
2771
1621
1483
3725
4323
523
430
3076
3439
3798
2805
1246
1341
2859
4618
2087
1411
1344
947
3220
3850
3573
1811
2449
2301
1799
1889
2604
3911
4739
2493
3260
1809
432
1788
3305
3656
1979
4643
3692
975
2833
4709
3877
848
1407
1051
4473
4289
779
2281
1888
1673
2277
4758
2147
3956
4983
4296
4896
2964
1844
55
3543
3951
4880
3410
1741
3322
1862
1332
2633
2089
1015
4731
1998
1239
1447
4221
182
2427
2191
2808
2740
1039
3486
1529
3817
4521
3280
3225
27
2489
2752
1527
1452
889
3881
1380
3022
3293
4829
3244
1783
1482
3928
3015
1708
679
1508
1605
3845
4316
1405
1841
2892
4134
929
743
2799
1806
2635
2115
1876
4293
2994
650
4675
1445
616
3777
1696
104
2584
931
4425
2241
2725
2478
2274
4544
4594
2042
338
3010
3167
1588
2362
2466
586
2673
1164
353
4751
2026
2766
4513
1856
1427
1212
4697
2457
116
707
3533
3456
4378
1711
481
1207
4382
3437
249
4646
4238
117
3466
3500
2971
3904
3388
601
4274
1896
1528
3923
1946
4596
2305
1677
2983
3698
4537
1474
2291
4621
4276
3122
4522
4552
2598
508
3706
2814
3130
4720
648
3981
4756
3058
1573
1751
594
2304
4578
3288
2574
2310
1144
3571
1397
418
1134
2524
226
1756
3927
1990
1501
1642
734
3407
2048
4255
54
29
762
1636
3503
1084
1174
1096
1531
400
2623
3498
1088
317
1311
1113
990
1170
2571
1266
2854
876
1997
2588
307
45
3676
3496
4404
2380
218
3588
2715
3409
1921
3359
4735
310
3091
987
135
4886
556
4064
3563
3762
1326
3569
2088
2236
4509
1224
921
3036
3986
4774
3820
2735
916
79
999
645
4298
994
2583
4588
3876
2817
2097
3524
1982
2533
3635
4023
3867
506
1606
398
3107
1818
278
4903
603
4131
4747
4299
1676
297
3135
4173
1858
2821
1093
1053
183
2523
550
2200
2364
3959
3268
3842
1193
3918
4275
2917
4771
894
2456
2110
3188
1599
1545
2680
1654
3767
1382
4057
4912
2774
849
1791
4529
4499
4702
780
2492
923
2921
1476
1852
4141
2825
2186
2194
998
3004
1634
3285
2793
850
4587
468
2883
