4563
2198
859
3358
1322
2309
4863
637
1447
3329
2936
1590
3336
1887
2572
1939
129
3985
4157
4045
2756
1659
1636
3680
286
4501
171
1677
1850
3628
3116
1045
158
3060
1936
3293
1976
4327
948
2474
765
4064
2545
4275
1877
4098
2130
4709
1039
4088
1776
3499
2840
4822
4145
3952
4151
1559
1297
1796
3723
2877
3992
4716
3919
456
1627
4260
301
310
1506
86
2065
2749
1122
3239
4359
2403
2727
3927
684
3749
757
3925
3533
348
4881
4960
4389
1560
2415
4407
79
4116
183
1095
1910
1394
3810
4766
2702
2668
505
1150
511
364
3926
1189
4923
2339
2796
4861
3255
3149
1833
2563
2982
2353
1478
2069
2409
1440
2458
2994
4434
4351
4952
3551
518
902
2625
3832
1414
1679
3618
442
1599
4883
698
34
167
367
2246
1906
4182
2156
4082
2506
1028
2809
586
1950
1802
3389
1682
58
1238
3772
4650
2717
29
445
4413
695
4493
4189
1213
1387
4438
1293
898
1994
800
2800
3744
2578
104
2282
3979
764
1622
4894
2389
658
3178
3317
2277
476
2769
2233
4259
1439
1336
4638
1999
4818
3088
2881
4252
2896
4659
2884
4831
1837
3108
3737
1331
1330
851
2418
2883
1944
2886
2760
999
41
3410
1184
1826
3138
4779
3624
4228
246
3512
4208
3623
3655
4231
4436
1081
1798
1610
1886
2388
331
1136
4692
4471
937
4579
1942
2965
3308
2866
4177
1957
1959
46
1065
2951
2658
1669
3668
4640
4594
2224
4521
3652
2382
1588
4711
3562
4484
292
3527
4772
4926
2887
2135
4035
372
4397
1323
2779
2391
4682
4919
1178
4290
3959
589
320
4581
1846
2527
1550
3376
2624
4195
2962
373
2945
4833
2424
4039
3808
2051
144
772
2049
987
2492
33
4728
4415
4020
3414
3285
2097
3072
3135
2375
455
1485
1715
4456
4392
751
4738
533
4325
768
3117
3230
1662
2084
2588
3288
170
278
3584
471
1515
1795
4714
958
1542
602
428
2673
4677
381
705
3403
230
4573
4600
1870
512
603
3159
1743
1868
2386
4010
4242
3388
4902
2310
1424
2081
3265
1667
4382
2385
3065
1060
4063
968
2507
3411
1815
3326
4257
4429
4763
2693
597
2350
1183
4722
1879
3697
1842
3114
3633
1217
347
3452
2781
2145
1261
1912
1739
52
3120
3369
4874
2131
709
2115
4601
3299
3873
3273
3513
3975
3096
926
3078
4380
3602
2482
2148
2825
4277
2163
2217
793
3739
2577
2899
920
2754
3855
1545
2519
2009
3615
2174
2669
3785
4620
2366
4867
1006
1329
3016
1971
4559
962
4187
1983
1412
3440
3936
4074
2969
4086
4194
4200
4720
1844
2705
1441
3972
1243
3841
10
1085
4444
895
2168
2030
3223
1495
2626
1084
99
2628
1029
3228
888
2613
2083
2589
3032
2715
2990
3203
1460
57
4232
527
4909
1070
2649
1110
4801
3725
470
613
2764
1022
3758
3246
3656
4081
4707
1699
653
786
4357
1498
4462
117
2141
447
1235
2449
2710
3826
3200
3487
746
2984
2500
3067
1325
1040
3360
3798
172
222
1987
832
3359
611
2086
4100
1663
3955
4819
3590
4119
648
842
1854
1201
965
404
405
3455
1626
145
3319
876
3504
324
2587
1675
1472
1526
2891
3640
567
4226
2019
3673
2344
3064
3282
3824
4437
1680
3157
2952
2404
1181
552
371
1002
538
1974
2333
2609
2007
2946
327
153
4681
3193
3355
4083
1148
4674
468
3251
914
3156
564
1962
4841
494
1161
2595
3243
2167
3531
4871
1434
2352
4022
4364
4636
2399
3267
2745
4090
755
2958
3498
701
2849
2729
1458
2531
2970
1955
4669
4418
4664
2843
1617
3259
4026
3496
3616
346
269
2439
817
3456
4102
4455
2660
2584
3996
2520
13
3256
1427
4792
3918
1639
2221
2571
396
302
4341
207
3718
2451
1565
1966
4181
821
3500
1954
4797
2143
659
4478
1396
1310
2462
3910
3292
1108
2261
4358
1371
3320
485
889
2349
369
2920
1319
984
828
2441
2090
886
4641
831
1990
2240
4886
2894
2485
1164
4712
1232
1191
4685
2615
961
3935
2252
2997
2888
3277
2491
4694
3752
1694
1362
1303
1862
1544
4049
4233
344
328
2646
1390
728
907
3734
2107
6
2205
3766
1193
4781
1898
4460
523
1517
2018
1693
3190
402
3515
3382
622
515
2954
2864
3755
3957
2813
4980
3654
799
1212
1182
3104
4748
2103
1180
98
3068
1134
277
3571
2445
596
2910
4006
996
3799
4310
1919
1878
4209
2791
4383
2184
3439
1341
3212
3294
165
1594
4211
1534
1876
2220
4095
4705
1286
3307
1132
1761
2312
318
4796
593
1301
2002
1767
4103
3196
2026
3930
3373
4646
311
1603
546
1985
4201
3000
1927
4370
3099
2711
191
4671
444
3198
4032
1908
1334
2731
2176
554
285
2732
4298
123
3079
1075
3253
936
202
3608
826
1578
1756
2348
2667
2816
1277
2088
3497
801
2320
3597
2508
3769
664
1947
794
1525
2908
2850
2058
3646
784
1921
2798
2916
849
3110
3686
2547
498
2549
3276
3532
2699
1665
3726
1861
3215
2604
1829
4287
3613
4535
4675
1111
452
2214
4740
510
3876
1655
89
1223
417
2397
4873
95
2336
1333
486
2010
2985
2784
4725
3931
685
1466
3227
152
845
4967
2538
4154
2926
2089
3885
1871
1512
2206
927
769
4229
2248
119
4212
4858
4702
3949
2539
540
3338
838
448
4889
1547
2486
741
12
1345
1288
2730
1063
2906
4520
1769
1157
92
4379
4857
2623
4038
1048
758
3206
4297
3018
1214
108
1459
3250
1012
641
4668
4317
3700
4363
4302
1205
460
1838
3061
1608
3164
868
2961
874
2368
1920
693
797
929
1567
2586
1005
3131
2558
1408
1030
2560
4794
343
904
3004
1873
4933
4506
4486
1332
2316
4498
3803
4204
408
3219
227
3431
4149
3507
4132
218
670
2469
2076
3041
4524
1318
3778
2742
2057
1276
1399
4615
1443
548
3378
4396
234
4519
3620
1804
4470
3558
1702
978
443
3356
3447
2034
84
2236
3909
1365
2960
3781
537
195
947
3024
3884
740
4122
1343
3722
355
3537
502
3869
3792
4670
4199
1570
4502
633
2123
767
2977
1782
4072
3142
2848
1775
1403
2276
3878
3858
4169
4645
205
3897
2134
1402
1493
723
3220
1934
2933
1568
2149
1897
4094
3033
357
315
2429
4898
2534
4414
160
3398
2540
1618
810
2938
393
2543
120
2192
4483
3660
1583
2390
1738
4047
4089
4508
3396
4630
3017
190
2937
3987
2974
4499
1620
4735
1516
1977
2733
547
1272
3050
297
2847
2633
2301
2661
2101
425
870
2860
1388
4964
3688
3301
1018
579
1650
1687
224
2837
1451
3546
1143
4531
691
3339
1698
3364
2719
1406
3442
4687
2102
141
3536
3626
1696
1285
2741
3736
2387
4854
4056
376
1628
4989
2313
946
619
495
1234
4528
3813
3707
2162
3699
416
4254
3990
2437
1723
4962
464
3627
1046
3524
1483
4907
4246
3328
223
3629
4191
3321
3464
1564
2022
4433
259
3475
383
1691
4975
2602
4884
2892
124
2652
2376
4402
441
2465
3940
4374
3588
545
4015
1252
1114
2011
3125
187
4512
1616
3279
1969
3205
2979
4860
2047
4234
4451
4557
1037
3155
1685
1765
1891
657
1392
3589
4326
2258
1082
3192
208
3361
747
2262
350
3393
2475
3721
3796
1308
2656
2654
3435
3648
4591
3377
1011
3092
3999
4375
3397
4110
4821
1316
2384
1527
2740
4928
4395
4164
4570
415
368
3574
4393
236
4752
3993
4218
4495
3693
3508
3140
759
4793
1117
1888
2100
94
730
4158
651
3118
340
62
281
3845
2940
3717
708
1417
4288
4253
1530
2230
4596
4665
2286
2395
3784
711
4525
1094
731
790
4267
3170
3343
2696
3043
2874
3324
4517
4000
875
4536
2401
1492
4142
407
4336
3420
3295
257
2342
4161
3133
2215
125
3643
4190
1581
1666
1436
2118
3720
732
528
28
2216
3145
782
2814
2443
727
3954
3550
3247
2170
454
488
2024
3754
382
3891
3493
1574
551
4487
1358
2226
3900
2426
449
4631
3665
2983
1361
1477
3765
1668
3458
688
2971
3593
3667
1162
2144
2207
763
2786
2738
1105
1432
1831
3036
3197
2254
2117
1731
610
2476
754
2005
791
4624
3890
1772
2365
4978
4320
943
957
3224
1431
4399
341
1413
2995
4853
2820
2793
846
1646
1745
2257
2935
4503
1335
1629
3553
427
3365
4830
788
1700
2569
3400
175
4504
2828
802
2351
1649
3800
3809
3371
1488
1348
1086
3557
3387
4574
2806
3617
3875
2456
2607
2927
439
2921
634
3424
1648
2256
3770
4915
2714
109
4051
4723
105
214
1965
1463
1425
1803
4296
3275
3511
4632
406
1631
3864
1894
472
2734
1246
2300
2561
1059
139
2517
2
3771
179
3879
2785
4150
956
3490
2930
3788
862
4180
1690
2293
3426
3318
252
2964
606
4073
2408
462
841
4823
3882
3222
3677
1664
1227
1602
529
2411
4642
3645
1072
265
3883
272
2166
4477
73
2838
2794
3757
3161
847
4613
1750
1237
3534
189
2324
1220
1611
1299
4244
1809
8
126
4710
2948
4052
1716
4197
1852
78
3297
2417
2698
1621
822
3399
4322
3049
1249
4321
4424
1133
4225
2108
2139
2614
4977
3300
581
2416
1344
3923
1817
3523
2140
1152
1300
1058
2697
2374
867
2328
2073
2812
4459
394
4384
3787
4432
4111
4077
5
592
3225
380
1499
836
3284
1159
679
4250
1932
2193
196
1260
1097
4815
1511
457
70
2774
1307
1304
2272
1461
1670
2751
3152
4139
2223
4518
2046
1573
3432
975
748
3266
509
1372
1026
3685
4609
716
1050
4205
2790
744
690
1938
2199
3310
1168
4127
798
4782
1841
1487
491
4454
3506
3965
3333
1250
2839
1190
3960
824
3830
4172
3141
4762
4582
1062
3185
778
2048
1236
3126
245
4285
2008
2444
616
1771
3313
3278
1256
3905
4131
919
4663
1313
951
4469
2064
2275
2331
3100
440
2266
3962
2027
4761
4882
266
3619
2194
2159
825
1435
3216
1513
4616
3237
3201
3530
4214
977
1926
4588
1918
1835
1391
4361
1216
1933
2885
4245
1857
1867
2835
1935
258
1457
4689
3708
2235
3306
2188
2489
4479
3124
2521
2314
4416
3840
2039
232
2775
1623
4745
377
1125
4044
3195
2708
830
4951
352
1369
2363
1553
168
2360
3730
1206
2326
3539
3335
852
4592
3834
4135
715
2726
735
391
812
4784
4756
4816
2288
647
1900
2709
1827
3384
1025
2557
2318
3621
3241
3467
194
3851
2606
3694
2033
771
2472
3316
2721
3407
1468
3713
1998
1991
2343
4870
4897
242
2590
75
4693
2511
332
3204
3450
4618
3535
1981
4817
3214
2197
4220
1174
400
4371
4982
1893
2269
3854
3286
1437
3603
291
3034
952
211
497
4814
3325
1282
887
4924
3868
2683
410
656
4737
1554
3236
2128
4800
2851
82
960
336
2338
2264
3631
1940
591
681
2356
4421
3872
3895
1187
630
2763
918
4305
4
3967
2182
4672
1078
881
2061
861
4839
557
3794
1740
474
1533
100
1219
1774
3576
3540
4333
276
2678
1473
306
65
2856
2992
1865
3175
4376
3272
2136
4137
1645
2025
2550
3934
1800
1093
1020
1725
1476
4093
4304
72
2292
2070
2043
3213
17
2370
1000
1635
2598
309
585
4468
1546
1367
1883
3210
4301
1106
4834
1824
1242
3281
3572
2480
1726
386
3842
877
3038
101
566
2535
2889
3488
3678
2592
737
3231
365
1038
3168
1863
3483
2464
617
3080
2833
3683
2792
2362
4895
263
3995
2251
2553
233
911
2831
3901
2917
3027
3776
3232
1283
2085
675
116
4251
3160
1177
3147
3005
1489
4178
3189
4079
697
36
4544
4286
1849
3327
2200
872
2529
645
4829
3777
113
2955
4639
2041
1321
2346
4118
1480
2861
1958
3013
844
560
2031
2172
725
4240
3671
694
2021
1749
4872
1717
2844
2446
166
3076
4590
270
3961
1312
938
173
93
4386
4955
3391
4718
3857
4790
3258
4953
3136
87
2582
1520
4956
2080
1452
2243
4575
4398
2580
4213
2737
4124
4547
1170
322
809
1462
1885
3025
2655
1607
1930
1398
2999
3644
4742
3575
963
3545
1997
2259
1601
776
4202
451
4652
1707
4007
4944
4342
2498
4219
3672
1421
3169
1430
4921
2327
2566
4957
2610
1172
4529
3585
1566
770
3177
3417
1704
4340
4653
1730
2676
4969
4153
3786
1967
4864
3605
156
1171
1188
1196
3706
1
193
4543
4435
268
1255
74
3209
4812
3002
1673
254
4840
1734
2311
4925
1855
4662
857
4349
4062
1924
2319
2218
4654
3090
2857
892
756
4146
2682
3951
1552
4946
1840
2522
4152
3569
3174
2138
4431
3779
1317
3554
2967
1953
2718
1315
724
1100
2189
2225
2664
2142
1577
4085
229
761
1135
1781
4571
496
1672
358
4806
4355
2400
672
1004
3188
3968
4114
3903
2447
2981
1757
785
1660
863
1834
3287
894
631
1975
2666
1949
4891
465
3893
4084
114
507
2564
4239
896
726
2989
4308
3345
4294
2461
2645
3566
4775
1009
2928
2567
2463
4514
4803
3838
2407
3429
1874
3492
1923
