2538
1403
4470
2287
536
3112
3323
795
2671
2335
3477
4213
1632
4682
1408
2958
1436
4355
4659
3661
1394
2527
724
307
1264
942
3602
1315
1917
2258
1429
628
1050
4134
1772
3770
1742
3497
2503
1228
4932
2300
4422
3423
3720
3337
3695
1773
2513
276
1066
1144
1164
1980
4975
179
2209
2859
3232
1845
249
2132
3586
4341
4740
4839
3752
3404
117
3387
1208
3731
442
4122
4147
3557
2964
4640
2833
987
4625
2556
4548
236
218
4706
1510
2924
608
2187
2285
539
4350
2412
4221
352
1459
4635
3131
4705
2032
3820
4163
4582
792
3898
1893
214
4276
884
2565
785
3575
700
3252
2739
3275
4878
4274
4052
4814
4321
1591
4380
603
590
4777
3089
90
882
658
2677
3140
3682
1498
4952
3926
1353
3662
2296
3077
1375
650
1706
2996
124
348
855
4230
545
4327
4774
3144
1431
2153
4664
2409
1712
1859
4427
2796
2348
1978
519
755
3811
647
1574
1148
4917
3317
585
1267
3613
1090
864
4833
4593
1119
2009
710
2714
568
3353
599
3799
2555
756
1484
2586
858
943
2357
4930
642
687
1157
3975
3010
1822
3036
4199
602
2702
4181
2139
1996
543
3789
4762
3033
2663
292
4843
1606
2911
4657
2196
3739
2592
2495
467
3919
3685
1284
2140
3452
2805
10
1771
594
3283
1306
3199
273
4211
4256
1998
4749
446
715
4527
4571
1888
1230
1952
4300
4559
3108
