623
4218
108
3507
3493
4687
3897
3855
3952
1281
1936
1093
3963
3070
3369
3399
4910
3356
2131
1668
2626
850
1521
2302
3285
1575
946
4117
320
1058
2911
2842
4318
970
2040
3514
993
3057
3543
4015
2991
3361
1374
3487
3031
4233
3610
3529
2201
181
1641
1128
424
2904
323
681
1096
4530
917
3912
2953
1378
785
4319
4613
2027
2389
1843
1470
2836
2367
1930
2406
191
4108
4558
3694
4932
2165
4726
2100
3159
1895
2525
833
63
4927
3259
1100
1176
3756
296
4155
2969
4539
1067
2355
3934
4641
2329
1871
662
3604
4776
1276
1350
3908
2870
326
2481
461
731
4678
371
119
3750
2113
969
1950
2628
1959
4215
563
1375
1694
2883
3947
4594
4161
1417
398
1383
4256
2029
2058
2803
2681
1318
225
4618
2948
3295
3962
2003
989
123
2186
3194
1910
2850
3470
1126
3758
405
1796
2001
3691
2171
4738
3964
558
3510
1799
3034
1957
3712
3894
3616
4280
1777
2797
213
2073
340
2892
1466
2464
1055
3849
332
2206
2623
4279
3414
3301
543
3424
742
3664
3550
1927
2747
3183
2492
1233
1709
1154
2331
4171
2002
3170
1037
4466
3211
3342
4005
370
505
3679
2033
1140
692
1949
3437
674
1157
3151
2671
329
4762
4628
110
2279
3796
4804
267
3942
2647
4368
2967
720
3570
456
3711
1412
994
3710
4405
1963
3615
751
860
1868
137
1482
4779
2983
1793
2052
3146
1839
1408
4828
823
4176
919
4946
2537
4639
1282
3816
2524
822
2781
974
3661
4869
2724
3967
2888
186
3441
902
3770
3839
2350
1854
4707
3263
2674
3761
4521
161
4720
474
4429
4986
4822
82
748
2970
4858
2035
3015
569
1831
1711
4229
2174
1002
3124
596
1108
315
1442
4834
991
222
3335
3867
1160
1173
935
1404
1620
309
1545
1982
319
4983
1888
4596
3539
4600
2889
1009
2598
67
2219
1185
3721
4838
3496
1953
1469
1689
2243
4047
179
2217
4572
2784
2929
4446
3922
1054
4384
2245
2544
3857
3265
1023
2289
127
189
3136
3053
3324
673
4050
4365
587
3601
3169
4462
4865
4492
211
1387
4148
679
3572
788
2505
1524
3249
1048
749
3717
3119
795
1882
3629
1790
418
484
4263
3025
3195
4179
3291
1068
3463
1952
4541
2088
2093
2859
4349
721
2255
4797
300
3328
1821
112
3411
4956
261
159
3766
1080
60
235
2379
592
2196
1873
3477
4326
504
3608
3226
3789
2862
1755
4049
4309
1017
2013
1343
527
1673
4291
3473
2910
2305
3394
2961
1474
246
438
4080
2901
3597
2620
714
3731
534
4489
1451
3562
1546
2837
3810
3559
2697
849
987
1837
3454
1574
1266
4114
1900
2616
4662
4960
2658
4094
4666
3879
2375
1803
3022
3787
634
759
4812
1823
3869
2140
3349
890
3266
2832
467
4467
4753
2343
2164
4929
1818
1337
3551
357
314
2071
1636
1519
1410
3580
12
741
4871
4611
4757
1223
215
1279
4852
740
2339
1695
1479
2625
2708
3446
4907
415
2124
799
879
2465
899
767
3486
3698
47
1005
2020
2138
3005
2602
4547
1702
4001
1678
2668
4723
1099
2080
85
4830
1134
3936
1812
3501
72
4240
4857
4868
4169
3332
859
1600
4706
3408
1703
4589
4533
1729
1813
1774
2855
3279
4295
2074
2310
2660
2999
3590
4928
1450
2079
2366
4510
1921
2711
1564
1699
2380
3327
676
1717
898
2179
1497
3268
2381
2932
2558
1814
2899
4863
3738
1964
3680
872
4190
376
4115
1561
2047
2894
4892
483
3461
3628
1622
4783
2066
3676
1511
4567
522
2208
591
2475
1822
3179
4801
3187
361
3062
4099
3056
541
3074
2261
2754
3228
1758
3774
4940
3421
2506
2608
1662
778
4913
2315
1352
3594
4511
392
2409
2197
2251
3008
664
1740
4758
1292
1255
4083
3646
4163
1510
447
1460
1481
1852
1884
2398
693
4219
2092
1400
1439
3236
1551
1778
2586
4807
580
3420
1198
1284
961
4747
221
4636
2461
3757
4071
4877
1207
1825
2981
23
2994
3300
769
1751
98
4561
2180
4882
482
2354
3003
167
2898
3526
1268
199
4043
2654
1415
480
939
3068
4867
1624
1042
92
2181
3084
4140
3858
3953
4727
2546
3955
487
1576
626
304
3990
4681
3566
4207
3457
2949
2046
1719
3489
4688
4160
1455
1092
4162
13
4308
2618
3313
1933
4763
1845
4434
125
544
4737
4438
3229
4447
2893
3292
4385
4247
4222
1605
2686
1987
410
1625
1976
4363
1187
3376
1971
1402
328
4577
1657
2271
2720
1407
715
568
4269
1969
104
863
1815
2318
38
1584
3293
4989
3019
4138
114
3140
4976
3931
2059
4881
3221
3925
4837
2038
520
4003
4930
1120
3804
2009
1919
3907
2703
1566
3830
4440
4427
2617
2585
2426
4092
4658
2891
4132
4124
2531
3999
1714
4933
776
893
2801
66
459
1531
4113
349
2050
1074
4076
658
4262
747
251
1122
2922
4792
4310
1802
311
2679
4498
2786
3004
1057
2568
2156
4131
1433
2984
3893
3128
1828
3490
925
2569
316
65
4538
2770
154
2664
3790
3726
471
2484
897
4016
905
1829
4786
407
3621
1665
421
4544
4153
2470
3475
1833
1739
4149
39
1785
1516
3811
1944
390
1783
1670
1344
1156
531
1283
2405
3970
4671
2254
2738
2442
2643
1307
1259
2008
642
4417
172
865
1775
1493
4517
3469
4238
1231
1697
3848
2166
2240
928
3517
911
4716
2895
4495
1029
2507
3861
1196
4302
1995
867
2739
3567
3634
439
1502
2229
1060
2528
4832
1224
4686
4925
1454
3274
152
3518
798
3013
35
1663
4574
4705
2652
2189
1533
2482
79
2557
4443
2198
2871
986
2036
337
2099
495
2532
2659
4879
2224
1250
3483
2028
625
313
962
4123
469
4876
1704
2572
4184
671
3654
3011
3163
920
1359
1032
3280
4397
1008
3918
354
2323
510
3950
4769
4305
1979
182
3164
4106
933
4614
3024
3563
4690
1494
3336
2916
1441
2032
1341
3083
4942
1827
10
4172
930
525
2704
8
1990
1351
641
150
3785
1363
3875
1390
2285
4065
2297
1931
1795
1879
2663
1471
2257
142
397
2661
3535
869
4897
4196
2956
1112
2868
4870
4519
4102
3143
1148
3876
3914
4529
3902
2687
574
4423
3951
1820
3030
3017
3261
4805
2000
3171
1842
4344
4090
770
4088
4228
2228
2519
4717
4091
584
1473
4922
1893
2710
3886
3320
4926
1348
3468
1243
73
1135
1377
1863
1766
607
2344
1015
2210
3504
4954
3093
1035
1369
3932
703
1954
4226
1129
205
4374
15
3537
3458
4537
2144
192
3438
2742
2483
2952
3038
1030
282
1144
2284
3434
2441
1075
3203
4904
2177
2412
2551
4565
2274
2830
1718
1562
4137
3655
4389
1046
3101
1500
1608
318
2230
3898
1768
1617
25
1269
3729
4066
262
4450
4972
3695
881
4810
4518
4764
1342
2741
831
1870
3148
3213
1724
3779
2860
2363
1161
2161
1424
1741
3375
1712
4125
3256
3418
4073
2155
2570
238
909
557
97
1649
2581
26
3094
1072
2468
445
3660
365
2638
4657
2333
2635
3478
3516
4237
699
2061
735
3050
3746
3733
1391
521
2823
2238
3
4294
148
2007
3122
19
2678
3650
2307
4560
1978
2091
599
252
2511
1685
2588
2135
2142
2429
2413
1735
1725
4588
4941
2039
4962
1939
195
3798
277
2444
4586
124
4023
420
3996
2605
1505
4664
4388
4854
2178
266
4144
170
4957
1437
2873
3682
4818
1659
122
1461
4861
3725
4000
239
11
880
1613
1841
1304
4281
3413
2785
605
3586
3388
4182
3289
2454
4259
4806
1331
3853
2757
1467
1750
260
3709
4166
2951
4667
2902
4934
17
4338
3172
1011
1101
2675
565
2636
3026
2098
3498
2587
4874
3387
764
866
18
3063
2382
3223
3991
3368
1436
1529
1045
4260
331
2342
4563
2457
2338
1604
1414
4982
136
1924
1019
1915
1780
1186
3028
1097
334
1633
3532
4602
2488
1456
1926
686
307
3386
1380
3626
268
3611
3752
1676
1675
4020
2326
4382
1296
4394
426
729
3735
697
743
1212
744
2314
3416
3397
828
3383
4464
665
1891
3832
3069
806
2018
3920
983
1495
2372
4918
2048
1261
846
3531
2564
3353
988
2657
4919
3638
3509
3718
1746
4420
4911
460
3865
3006
1468
117
1520
934
3585
1801
1619
3823
953
4395
3333
2218
4442
2213
4966
507
3310
3185
4479
4908
1151
992
659
1332
4040
3352
3380
3749
2402
1792
95
3587
4820
2879
91
4850
1147
2167
1797
4180
2554
2236
1549
1225
554
773
704
530
4608
1012
4317
807
485
4659
2887
2723
4069
1241
3981
4630
4770
4223
3242
616
2043
1215
1123
3678
1448
691
106
914
58
454
3877
4978
2731
710
913
3357
2149
765
3115
417
2565
44
1490
4199
900
1956
601
4340
3165
4401
4347
1193
4351
1698
4422
1116
177
1444
1165
4730
1205
2509
362
820
3276
3582
1747
280
1836
3382
4821
1087
877
4370
4082
2199
346
2838
2810
1756
2393
572
3184
2744
4525
1526
3476
430
3923
3247
949
2897
4646
3748
1874
1638
660
3829
4490
202
1001
1317
3581
4221
3317
1878
4800
2596
3224
41
3657
2017
4054
600
716
4407
4679
3089
2824
4086
2428
4418
4475
1890
2225
1202
4213
4290
3189
4093
2937
1542
4141
1992
3244
516
2325
501
3675
3792
1887
2439
1360
3052
4175
896
4712
48
4742
1312
4700
358
196
1876
1681
561
2368
1234
3144
1875
4562
1159
649
51
3494
194
3805
3944
638
967
4798
2722
1006
214
2514
1340
643
583
936
3935
3181
2341
684
1586
2502
2689
1356
1066
3405
1651
87
1563
810
2146
2352
4802
4452
2834
3929
3764
2677
2399
141
3624
4896
2854
2436
1897
746
821
1730
245
2362
756
713
200
3873
2335
1540
4205
3988
2129
1228
4231
4523
2510
1532
726
2191
4289
3904
3502
4931
3977
436
4193
2995
3343
5
2295
2974
3436
3403
1528
789
4680
4377
3751
494
3819
672
4358
450
3393
995
840
183
2737
64
3306
1306
3595
4585
708
3230
3577
3846
3715
836
685
2566
3966
1315
972
4330
3619
3565
843
1509
2765
62
609
3553
2726
1452
1174
611
1203
4174
818
556
4270
3157
3670
2449
4412
2401
1716
958
3188
3938
2579
2194
4607
4855
3672
553
3371
3378
3522
4921
1947
2650
1021
4691
4576
4599
2793
69
3155
2874
1280
1267
3158
1365
3235
1639
2204
2774
1789
4448
2743
2045
4605
1170
297
648
157
832
1491
3742
1850
766
1069
3481
1512
2736
3098
1720
3941
452
3073
2104
2756
1290
2839
4373
1683
2733
2562
1504
2152
4964
2520
2806
1083
3365
4552
4584
4463
4181
4234
2346
2709
99
1859
4557
2950
3312
2559
244
3253
687
4085
2853
2334
1085
265
388
2682
1103
386
4501
4211
929
4315
247
1925
2076
2619
1518
1918
938
2776
738
2930
3156
3639
654
4477
2518
4392
3307
2432
2691
1465
3910
4150
4378
2489
2486
259
3085
1553
4278
1590
2695
3152
227
2856
3665
892
1589
2669
1334
3506
4243
791
3415
834
4375
2725
3422
4581
3700
1573
2621
2160
3744
3138
3450
1393
1420
2964
4673
944
4847
2019
2359
3273
1587
4825
3598
3092
1242
4644
4457
4301
3123
2903
68
399
2866
4037
2939
4984
2195
1630
757
1026
3973
4545
3088
2896
4979
1264
143
3954
3647
3845
2976
1513
952
709
3851
1217
1557
2818
3290
4252
218
431
4824
4455
1294
324
1567
4898
4035
3605
425
4004
234
2719
683
4214
3042
2865
2989
3346
2861
2214
3283
4532
1270
4645
3023
107
3315
3685
274
1164
2777
2512
2207
4232
560
787
4386
4739
3210
3782
2397
4441
4030
1977
1477
4098
1838
3949
4135
4469
4765
4033
391
3658
1059
256
2361
4486
2437
1486
4353
2267
3130
59
4074
1254
2694
539
1109
3216
618
2963
351
3445
2769
754
2452
220
2611
83
2101
3741
2336
1514
2451
2049
333
736
891
1985
651
4894
4653
4390
4604
1398
1305
1423
3222
3959
3298
3915
3196
2283
2771
3439
2851
1913
339
2193
612
1672
3643
3154
2516
2864
2108
4105
1580
1419
1832
1152
774
2768
1086
4935
4791
2340
1602
4198
2779
878
2550
2303
4480
4273
3794
4592
3039
366
207
4006
647
4039
977
472
2917
3132
3374
3248
193
895
1757
3404
443
1425
4335
4703
959
1328
78
2634
3131
3924
652
734
2841
4313
3109
3809
3606
4884
3047
3175
1263
4436
1210
2641
2089
3257
1049
1036
4167
3512
4649
1376
559
4970
2459
2421
3484
745
864
921
3596
1204
2293
384
75
3622
1192
633
1983
594
1966
2787
4287
2282
3982
4485
2022
3316
2673
1
381
1980
4752
1688
1480
2589
1588
4255
2656
4244
3209
1594
3286
2599
1222
4787
4346
1492
2422
453
1627
263
1333
3492
3909
3110
2672
700
3847
279
2582
3377
3360
2594
3753
231
2387
4980
1596
3707
4051
1431
385
621
4024
201
1258
3407
2912
2460
3593
4396
2299
2958
1522
937
1297
3975
3406
2804
488
4116
598
2290
2753
1235
2522
3820
4398
1102
3389
777
2880
797
3117
465
4081
3217
4923
2462
3871
2907
3683
4404
2884
3523
4482
2517
3795
4311
4568
4656
3835
1357
2817
232
2835
1322
4249
322
4745
2941
458
2908
1844
3842
3759
1943
2248
151
3390
4947
2258
3202
2610
3555
2827
1946
2822
2081
4799
1938
4796
230
908
2746
2718
752
3338
3781
1214
1784
4709
1458
2395
3018
1752
187
2141
2843
854
236
4952
4476
1117
4754
2083
620
94
3878
212
675
3192
4695
2497
382
2606
790
523
838
3881
1653
3079
3340
4815
1498
1091
2624
862
4064
4534
4372
2095
2388
228
2353
4520
4343
4159
4331
3218
4743
3097
4362
602
1967
3500
2760
2508
4627
4192
646
433
1776
2499
305
3419
2130
2370
1905
669
4089
2322
3344
3214
3350
3552
4354
2345
4661
1582
2070
3208
4711
1892
3348
284
2239
3401
876
2597
4151
294
4619
3515
4505
3508
2684
4253
4324
3793
476
619
2552
4624
617
1166
3428
4751
817
4399
4012
1229
2269
519
916
518
4327
3701
163
89
2378
3734
508
3113
4402
1218
3227
493
4915
1422
2294
3686
2078
2523
2226
1145
2260
3319
1018
1981
4508
4579
2714
1289
2
813
513
3901
1680
1970
3588
2169
428
4702
1336
835
2150
4210
1041
4433
688
287
2122
1781
2185
517
1973
3633
4299
1329
3362
2188
2780
4862
3589
712
131
4509
2815
217
3452
576
2446
3797
2693
3125
